3_1	   -1, 3, -2, 1, -3, 2
4_1	    1, -4, 3, -1, 2, -3, 4, -2
5_1	   -1, 4, -2, 5, -3, 1, -4, 2, -5, 3
5_2	   -1, 5, -2, 1, -3, 4, -5, 2, -4, 3
6_1	   -1, 4, -3, 1, -5, 6, -2, 3, -4, 2, -6, 5
6_2	   -1, 4, -3, 1, -2, 6, -5, 3, -4, 2, -6, 5
6_3	    1, -6, 2, -1, 4, -5, 6, -2, 3, -4, 5, -3
7_1	   -1, 5, -2, 6, -3, 7, -4, 1, -5, 2, -6, 3, -7, 4
7_2	   -1, 7, -2, 1, -3, 6, -4, 5, -7, 2, -5, 4, -6, 3
7_3	    1, -6, 2, -7, 5, -1, 3, -4, 6, -2, 7, -5, 4, -3
7_4	    1, -5, 6, -7, 2, -1, 3, -4, 7, -6, 5, -2, 4, -3
7_5	   -1, 7, -2, 1, -3, 5, -4, 6, -7, 2, -6, 3, -5, 4
7_6    -1, 4, -5, 3, -6, 5, -4, 2, -7, 6, -3, 1, -2, 7
7_7    -1, 4, -3, 1, -2, 7, -6, 3, -4, 2, -5, 6, -7, 5
8_1    -1, 4, -3, 1, -5, 8, -6, 7, -2, 3, -4, 2, -7, 6, -8, 5
8_2	   -1, 4, -3, 1, -2, 7, -5, 8, -6, 3, -4, 2, -7, 5, -8, 6
8_3	    1, -6, 4, -5, 3, -1, 7, -8, 2, -3, 5, -4, 6, -2, 8, -7
8_4	    1, -4, 3, -7, 5, -1, 6, -8, 2, -3, 7, -5, 4, -2, 8, -6
8_5	    1, -3, 2, -6, 5, -1, 3, -2, 4, -8, 7, -5, 6, -4, 8, -7
8_6	   -1, 4, -3, 1, -5, 7, -6, 8, -2, 3, -4, 2, -8, 5, -7, 6
8_7	   -1, 8, -2, 1, -4, 6, -5, 7, -8, 2, -3, 4, -6, 5, -7, 3
8_8	   -1, 8, -2, 1, -4, 5, -8, 2, -6, 7, -3, 4, -5, 3, -7, 6
8_9	    1, -4, 3, -6, 5, -1, 2, -8, 7, -3, 6, -5, 4, -2, 8, -7
8_10	 -1, 8, -2, 1, -4, 5, -8, 2, -3, 7, -6, 4, -5, 3, -7, 6
8_11 	-1, 4, -3, 1, -2, 6, -7, 8, -5, 3, -4, 2, -8, 7, -6, 5
8_12 	1, -4, 3, -1, 5, -8, 2, -3, 4, -2, 6, -7, 8, -5, 7, -6
8_13 	-1, 8, -2, 1, -4, 5, -6, 7, -8, 2, -3, 4, -7, 6, -5, 3
8_14 	-1, 4, -3, 1, -2, 8, -5, 3, -4, 2, -6, 7, -8, 5, -7, 6
8_15 	-1, 8, -2, 1, -3, 7, -8, 2, -5, 6, -7, 3, -4, 5, -6, 4
8_16 	1, -8, 5, -6, 2, -1, 4, -5, 6, -7, 3, -4, 8, -2, 7, -3
8_17 	1, -4, 3, -6, 5, -1, 2, -3, 6, -8, 7, -5, 4, -2, 8, -7
8_18 	1, -4, 2, -5, 6, -1, 7, -2, 8, -6, 3, -7, 4, -8, 5, -3
8_19 	1, -8, 2, -1, -4, 5, 8, -2, -3, 7, -6, 4, -5, 3, -7, 6
8_20 	1, -8, 2, -1, -3, 7, 8, -2, -5, 6, -7, 3, -4, 5, -6, 4
8_21 	-1, 8, -2, 1, 3, -7, -8, 2, -5, 6, 7, -3, -4, 5, -6, 4
9_1	    -1, 6, -2, 7, -3, 8, -4, 9, -5, 1, -6, 2, -7, 3, -8, 4, -9, 5
9_2	    -1, 9, -2, 1, -3, 8, -4, 7, -5, 6, -9, 2, -6, 5, -7, 4, -8, 3
9_3	      1, -7, 2, -8, 5, -9, 6, -1, 3, -4, 7, -2, 8, -5, 9, -6, 4, -3
9_4	    -1, 8, -2, 9, -7, 1, -3, 6, -4, 5, -8, 2, -9, 7, -5, 4, -6, 3
9_5	    1, -7, 8, -9, 2, -1, 3, -6, 4, -5, 9, -8, 7, -2, 5, -4, 6, -3
9_6	   -1, 9, -2, 1, -3, 6, -4, 7, -5, 8, -9, 2, -8, 3, -6, 4, -7, 5
9_7	   -1, 9, -2, 1, -3, 5, -4, 8, -6, 7, -9, 2, -7, 6, -8, 3, -5, 4
9_8	   -1, 9, -2, 1, -3, 8, -9, 2, -4, 7, -5, 6, -8, 3, -6, 5, -7, 4
9_9	   -1, 8, -2, 9, -7, 1, -3, 5, -4, 6, -8, 2, -9, 7, -6, 3, -5, 4
9_10 	1, -6, 2, -7, 8, -9, 5, -1, 3, -4, 6, -2, 9, -8, 7, -5, 4, -3
9_11 	-1, 4, -3, 1, -6, 8, -7, 9, -2, 3, -4, 2, -5, 6, -8, 7, -9, 5
9_12 	-1, 4, -5, 3, -8, 6, -7, 5, -4, 2, -9, 7, -6, 8, -3, 1, -2, 9
9_13 	1, -7, 8, -9, 2, -1, 3, -5, 4, -6, 9, -8, 7, -2, 6, -3, 5, -4
9_14 	-1, 4, -3, 1, -2, 9, -7, 8, -6, 3, -4, 2, -5, 6, -8, 7, -9, 5
9_15 	-1, 4, -3, 1, -6, 7, -2, 3, -4, 2, -8, 9, -5, 6, -7, 5, -9, 8
9_16 	1, -9, 2, -1, 3, -5, 4, -8, 7, -6, 9, -2, 8, -7, 6, -3, 5, -4
9_17 	-1, 4, -3, 1, -2, 6, -5, 9, -8, 3, -4, 2, -6, 5, -7, 8, -9, 7
9_18 	-1, 9, -2, 1, -3, 5, -6, 7, -4, 8, -9, 2, -8, 3, -7, 6, -5, 4
9_19 	-1, 4, -3, 1, -2, 7, -6, 3, -4, 2, -8, 9, -5, 6, -7, 5, -9, 8
9_20 	-1, 5, -7, 4, -6, 3, -8, 7, -5, 2, -9, 8, -4, 6, -3, 1, -2, 9
9_21 	-1, 4, -3, 1, -6, 7, -8, 9, -2, 3, -4, 2, -5, 6, -9, 8, -7, 5
9_22 	1, -4, 3, -1, 2, -7, 6, -3, 4, -2, 5, -9, 8, -6, 7, -5, 9, -8
9_23 	-1, 9, -2, 1, -3, 7, -4, 8, -9, 2, -8, 3, -5, 6, -7, 4, -6, 5
9_24 	-1, 9, -2, 1, -3, 8, -9, 2, -4, 6, -5, 7, -8, 3, -7, 4, -6, 5
9_25 	-1, 9, -2, 1, -3, 8, -9, 2, -4, 7, -8, 3, -5, 6, -7, 4, -6, 5
9_26 	-1, 4, -3, 1, -2, 7, -6, 9, -8, 3, -4, 2, -5, 6, -9, 8, -7, 5
9_27 	-1, 9, -2, 1, -4, 7, -6, 8, -9, 2, -3, 4, -5, 6, -7, 5, -8, 3
9_28 	-1, 9, -2, 1, -4, 5, -9, 2, -7, 8, -3, 4, -5, 3, -6, 7, -8, 6
9_29 	1, -4, 3, -7, 5, -1, 6, -9, 7, -3, 2, -8, 9, -5, 4, -2, 8, -6
9_30 	1, -4, 3, -1, 2, -9, 5, -3, 4, -2, 7, -8, 9, -5, 6, -7, 8, -6
9_31 	-1, 9, -2, 1, -4, 5, -6, 8, -9, 2, -3, 4, -7, 6, -8, 7, -5, 3
9_32 	-1, 4, -3, 1, -7, 9, -5, 3, -4, 6, -8, 7, -2, 5, -6, 8, -9, 2
9_33 	1, -4, 3, -1, 6, -7, 2, -3, 4, -9, 8, -2, 5, -6, 9, -8, 7, -5
9_34 	1, -4, 3, -7, 6, -1, 2, -3, 5, -6, 8, -9, 7, -5, 4, -2, 9, -8
9_35 	-1, 7, -8, 9, -3, 5, -2, 1, -4, 6, -9, 8, -7, 2, -5, 3, -6, 4
9_36 	-1, 4, -3, 1, -6, 7, -2, 3, -4, 2, -5, 9, -8, 6, -7, 5, -9, 8
9_37 	-1, 4, -3, 1, -5, 6, -2, 9, -8, 3, -4, 2, -6, 5, -7, 8, -9, 7
9_38 	-1, 9, -5, 6, -2, 1, -3, 4, -6, 5, -8, 7, -9, 2, -4, 8, -7, 3
9_39 	-1, 8, -2, 7, -6, 1, -3, 9, -5, 2, -8, 4, -9, 6, -7, 5, -4, 3
9_40 	-1, 4, -6, 7, -3, 1, -2, 8, -7, 5, -4, 2, -9, 3, -5, 6, -8, 9
9_41 	1, -5, 4, -6, 3, -1, 2, -7, 8, -4, 5, -2, 9, -3, 6, -8, 7, -9
9_42 	-1, 4, -3, 1, -2, -7, 6, 3, -4, 2, 5, -9, 8, -6, 7, -5, 9, -8
9_43 	1, 6, -8, 7, -6, -5, 9, 8, -7, -2, 4, -3, 5, -9, 2, -1, 3, -4
9_44 	-1, 4, -3, 1, -2, -9, 5, 3, -4, 2, 7, -8, 9, -5, 6, -7, 8, -6
9_45 	1, -4, 3, -1, 2, 9, -5, -3, 4, -2, 7, -8, -9, 5, 6, -7, 8, -6
9_46 	1, -4, 3, -1, -5, 6, -2, 9, -8, -3, 4, 2, -6, 5, -7, 8, -9, 7
9_47 	1, -4, 3, -7, 6, -1, 2, -3, 5, -6, -8, 9, 7, -5, 4, -2, -9, 8
9_48 	-1, 4, -3, 1, 5, -6, 2, 9, -8, 3, -4, -2, 6, -5, -7, 8, -9, 7
9_49 	1, 5, -4, 6, -3, -1, 2, 7, -8, 4, -5, -2, 9, 3, -6, 8, -7, -9
10_1 	-1, 4, -3, 1, -5, 10, -6, 9, -7, 8, -2, 3, -4, 2, -8, 7, -9, 6, -10, 5
10_2 	-1, 4, -3, 1, -2, 8, -5, 9, -6, 10, -7, 3, -4, 2, -8, 5, -9, 6, -10, 7
10_3 	-1, 6, -4, 5, -3, 1, -7, 10, -8, 9, -2, 3, -5, 4, -6, 2, -9, 8, -10, 7
10_4 	-1, 4, -3, 8, -5, 1, -6, 10, -7, 9, -2, 3, -8, 5, -4, 2, -9, 7, -10, 6
10_5 	-1, 10, -2, 1, -4, 7, -5, 8, -6, 9, -10, 2, -3, 4, -7, 5, -8, 6, -9, 3
10_6 	-1, 4, -3, 1, -5, 8, -6, 9, -7, 10, -2, 3, -4, 2, -10, 5, -8, 6, -9, 7
10_7 	-1, 4, -3, 1, -2, 6, -7, 10, -8, 9, -5, 3, -4, 2, -9, 8, -10, 7, -6, 5
10_8 	-1, 6, -4, 5, -3, 1, -2, 9, -7, 10, -8, 3, -5, 4, -6, 2, -9, 7, -10, 8
10_9 	1, -4, 3, -6, 5, -1, 2, -9, 7, -10, 8, -3, 6, -5, 4, -2, 9, -7, 10, -8
10_10 	-1, 10, -2, 1, -4, 5, -6, 9, -7, 8, -10, 2, -3, 4, -8, 7, -9, 6, -5, 3
10_11 	-1, 6, -4, 5, -3, 1, -7, 9, -8, 10, -2, 3, -5, 4, -6, 2, -10, 7, -9, 8
10_12 	-1, 10, -2, 1, -4, 6, -5, 7, -10, 2, -8, 9, -3, 4, -6, 5, -7, 3, -9, 8
10_13 	-1, 4, -3, 1, -5, 10, -8, 9, -2, 3, -4, 2, -6, 7, -9, 8, -10, 5, -7, 6
10_14 	-1, 4, -3, 1, -2, 9, -5, 10, -8, 3, -4, 2, -6, 7, -9, 5, -10, 8, -7, 6
10_15 	-1, 10, -2, 1, -6, 8, -7, 9, -3, 4, -10, 2, -4, 3, -5, 6, -8, 7, -9, 5
10_16 	1, -6, 4, -5, 3, -1, 2, -8, 9, -10, 7, -3, 5, -4, 6, -2, 10, -9, 8, -7
10_17 	1, -9, 2, -10, 8, -1, 4, -6, 5, -7, 9, -2, 10, -8, 3, -4, 6, -5, 7, -3
10_18 	-1, 10, -2, 1, -3, 8, -6, 7, -5, 9, -10, 2, -9, 3, -4, 5, -7, 6, -8, 4
10_19 	-1, 9, -2, 10, -8, 1, -4, 5, -6, 7, -9, 2, -10, 8, -3, 4, -7, 6, -5, 3
10_20 	-1, 4, -3, 1, -5, 7, -6, 10, -8, 9, -2, 3, -4, 2, -9, 8, -10, 5, -7, 6
10_21 	-1, 4, -3, 1, -2, 7, -5, 8, -9, 10, -6, 3, -4, 2, -7, 5, -10, 9, -8, 6
10_22 	1, -4, 3, -9, 5, -1, 6, -8, 7, -10, 2, -3, 9, -5, 4, -2, 10, -6, 8, -7
10_23 	-1, 10, -2, 1, -4, 6, -5, 7, -8, 9, -10, 2, -3, 4, -6, 5, -9, 8, -7, 3
10_24 	-1, 4, -3, 1, -5, 7, -8, 9, -6, 10, -2, 3, -4, 2, -10, 5, -9, 8, -7, 6
10_25 	-1, 4, -3, 1, -2, 6, -8, 9, -7, 10, -5, 3, -4, 2, -10, 8, -9, 7, -6, 5
10_26 	1, -4, 3, -6, 5, -1, 2, -8, 9, -10, 7, -3, 6, -5, 4, -2, 10, -9, 8, -7
10_27 	1, -10, 2, -1, 4, -5, 7, -8, 6, -9, 10, -2, 3, -4, 9, -7, 8, -6, 5, -3
10_28 	-1, 10, -2, 1, -4, 5, -6, 7, -10, 2, -8, 9, -3, 4, -7, 6, -5, 3, -9, 8
10_29 	-1, 4, -3, 1, -5, 8, -6, 10, -2, 3, -4, 2, -7, 9, -10, 5, -8, 6, -9, 7
10_30 	-1, 4, -3, 1, -2, 8, -9, 10, -5, 3, -4, 2, -6, 7, -10, 9, -8, 5, -7, 6
10_31 	-1, 10, -2, 1, -6, 7, -8, 9, -3, 4, -10, 2, -4, 3, -5, 6, -9, 8, -7, 5
10_32 	-1, 10, -2, 1, -3, 6, -5, 8, -7, 9, -10, 2, -9, 3, -4, 5, -8, 7, -6, 4
10_33 	1, -8, 9, -10, 2, -1, 4, -5, 6, -7, 10, -9, 8, -2, 3, -4, 7, -6, 5, -3
10_34 	-1, 10, -2, 1, -4, 5, -10, 2, -6, 9, -7, 8, -3, 4, -5, 3, -8, 7, -9, 6
10_35 	-1, 4, -3, 1, -5, 10, -2, 3, -4, 2, -6, 9, -7, 8, -10, 5, -8, 7, -9, 6
10_36 	-1, 4, -3, 1, -2, 10, -5, 3, -4, 2, -6, 9, -7, 8, -10, 5, -8, 7, -9, 6
10_37 	1, -10, 2, -1, 6, -7, 3, -4, 10, -2, 4, -3, 8, -9, 5, -6, 7, -5, 9, -8
10_38 	-1, 10, -2, 1, -3, 6, -5, 9, -10, 2, -9, 3, -7, 8, -4, 5, -6, 4, -8, 7
10_39 	-1, 4, -3, 1, -2, 9, -5, 10, -6, 3, -4, 2, -9, 5, -7, 8, -10, 6, -8, 7
10_40 	-1, 10, -2, 1, -4, 8, -5, 9, -10, 2, -3, 4, -8, 7, -6, 5, -9, 6, -7, 3
10_41 	-1, 4, -3, 1, -2, 8, -9, 7, -5, 3, -4, 2, -7, 10, -6, 9, -8, 6, -10, 5
10_42 	-1, 10, -2, 1, -4, 7, -8, 6, -10, 2, -3, 4, -6, 9, -5, 8, -7, 5, -9, 3
10_43 	1, -10, 2, -1, 8, -9, 3, -6, 10, -2, 4, -5, 6, -3, 7, -8, 9, -7, 5, -4
10_44 	-1, 4, -3, 1, -2, 10, -8, 9, -6, 3, -4, 2, -5, 6, -7, 8, -9, 7, -10, 5
10_45 	1, -4, 3, -1, 2, -7, 6, -10, 9, -3, 4, -2, 5, -6, 8, -9, 10, -8, 7, -5
10_46 	1, -3, 2, -6, 5, -1, 3, -2, 4, -9, 7, -10, 8, -5, 6, -4, 9, -7, 10, -8
10_47 	-1, 10, -2, 1, -4, 5, -10, 2, -3, 8, -6, 9, -7, 4, -5, 3, -8, 6, -9, 7
10_48 	1, -9, 2, -10, 3, -1, 9, -2, 5, -7, 6, -8, 10, -3, 4, -5, 7, -6, 8, -4
10_49 	-1, 10, -2, 1, -3, 9, -10, 2, -5, 7, -6, 8, -9, 3, -4, 5, -7, 6, -8, 4
10_50 	1, -3, 2, -6, 5, -1, 3, -2, 4, -8, 9, -10, 7, -5, 6, -4, 10, -9, 8, -7
10_51 	-1, 10, -2, 1, -4, 5, -10, 2, -3, 7, -8, 9, -6, 4, -5, 3, -9, 8, -7, 6
10_52 	1, -9, 2, -10, 3, -1, 9, -2, 5, -6, 7, -8, 10, -3, 4, -5, 8, -7, 6, -4
10_53 	-1, 10, -2, 1, -3, 9, -10, 2, -5, 6, -7, 8, -9, 3, -4, 5, -8, 7, -6, 4
10_54 	-1, 10, -2, 1, -6, 7, -3, 4, -10, 2, -4, 3, -5, 9, -8, 6, -7, 5, -9, 8
10_55 	-1, 10, -2, 1, -3, 9, -10, 2, -5, 6, -9, 3, -7, 8, -4, 5, -6, 4, -8, 7
10_56 	1, -10, 2, -1, 3, -6, 5, -9, 10, -2, 9, -3, 4, -8, 7, -5, 6, -4, 8, -7
10_57 	-1, 10, -2, 1, -4, 5, -10, 2, -3, 9, -6, 4, -5, 3, -7, 8, -9, 6, -8, 7
10_58 	-1, 4, -3, 1, -5, 10, -2, 3, -4, 2, -6, 9, -10, 5, -7, 8, -9, 6, -8, 7
10_59 	1, -4, 3, -1, 2, -10, 5, -3, 4, -2, 6, -9, 10, -5, 7, -8, 9, -6, 8, -7
10_60 	1, -4, 3, -1, 2, -7, 6, -3, 4, -2, 5, -10, 9, -6, 7, -5, 8, -9, 10, -8
10_61 	1, -3, 2, -8, 6, -7, 5, -1, 3, -2, 4, -10, 9, -5, 7, -6, 8, -4, 10, -9
10_62 	-1, 10, -2, 1, -4, 6, -5, 7, -10, 2, -3, 9, -8, 4, -6, 5, -7, 3, -9, 8
10_63 	-1, 10, -2, 1, -3, 9, -7, 8, -10, 2, -5, 6, -8, 7, -9, 3, -4, 5, -6, 4
10_64 	1, -3, 2, -6, 5, -8, 7, -1, 3, -2, 4, -10, 9, -5, 8, -7, 6, -4, 10, -9
10_65 	-1, 10, -2, 1, -4, 5, -6, 7, -10, 2, -3, 9, -8, 4, -7, 6, -5, 3, -9, 8
10_66 	-1, 10, -2, 1, -3, 5, -4, 9, -10, 2, -7, 8, -9, 3, -5, 4, -6, 7, -8, 6
10_67 	-1, 4, -3, 1, -5, 6, -2, 10, -7, 3, -4, 2, -6, 5, -8, 9, -10, 7, -9, 8
10_68 	1, -10, 2, -1, 4, -9, 8, -5, 6, -7, 10, -2, 3, -8, 9, -4, 7, -6, 5, -3
10_69 	-1, 4, -3, 1, -6, 7, -2, 10, -9, 3, -4, 2, -5, 6, -7, 5, -8, 9, -10, 8
10_70 	-1, 4, -3, 1, -5, 10, -2, 3, -4, 2, -6, 8, -7, 9, -10, 5, -9, 6, -8, 7
10_71 	-1, 10, -2, 1, -4, 5, -10, 2, -6, 9, -3, 4, -5, 3, -7, 8, -9, 6, -8, 7
10_72 	1, -4, 3, -1, 2, -10, 5, -3, 4, -2, 6, -8, 7, -9, 10, -5, 9, -6, 8, -7
10_73 	1, -4, 3, -1, 2, -7, 6, -3, 4, -2, 9, -10, 5, -6, 7, -5, 8, -9, 10, -8
10_74 	-1, 4, -3, 1, -2, 8, -9, 10, -6, 7, -5, 3, -4, 2, -10, 9, -8, 5, -7, 6
10_75 	-1, 4, -3, 1, -2, 7, -6, 10, -9, 3, -4, 2, -5, 6, -7, 5, -8, 9, -10, 8
10_76 	1, -4, 3, -1, 5, -7, 6, -8, 2, -10, 9, -3, 4, -2, 10, -9, 8, -5, 7, -6
10_77 	-1, 10, -2, 1, -4, 5, -10, 2, -6, 8, -7, 9, -3, 4, -5, 3, -9, 6, -8, 7
10_78 	-1, 10, -2, 1, -3, 9, -10, 2, -7, 8, -4, 5, -9, 3, -5, 4, -6, 7, -8, 6
10_79 	1, -9, 2, -10, 3, -1, 9, -2, 5, -6, 10, -3, 4, -8, 7, -5, 6, -4, 8, -7
10_80 	-1, 10, -2, 1, -3, 9, -10, 2, -5, 6, -9, 3, -4, 8, -7, 5, -6, 4, -8, 7
10_81 	1, -10, 2, -1, 3, -9, 10, -2, 4, -8, 9, -3, 6, -7, 8, -4, 5, -6, 7, -5
10_82 	-1, 4, -3, 6, -5, 1, -2, 3, -6, 9, -7, 10, -8, 5, -4, 2, -9, 7, -10, 8
10_83 	-1, 10, -5, 6, -2, 1, -4, 5, -6, 7, -8, 9, -3, 4, -10, 2, -9, 8, -7, 3
10_84 	1, -10, 2, -1, 5, -9, 7, -3, 10, -2, 3, -6, 8, -7, 4, -5, 6, -8, 9, -4
10_85 	1, -10, 5, -6, 2, -1, 4, -5, 6, -8, 3, -9, 7, -4, 10, -2, 8, -3, 9, -7
10_86 	1, -4, 3, -6, 5, -1, 2, -3, 6, -8, 9, -10, 7, -5, 4, -2, 10, -9, 8, -7
10_87 	1, -10, 2, -1, 3, -6, 5, -7, 10, -2, 7, -9, 8, -3, 4, -5, 9, -8, 6, -4
10_88 	1, -4, 3, -1, 7, -10, 5, -3, 4, -8, 9, -7, 2, -5, 6, -9, 8, -6, 10, -2
10_89 	1, -4, 3, -1, 6, -7, 2, -3, 4, -10, 9, -2, 5, -6, 8, -9, 10, -8, 7, -5
10_90 	1, -2, 8, -10, 4, -1, 2, -7, 9, -8, 5, -6, 3, -4, 7, -9, 10, -3, 6, -5
10_91 	1, -5, 4, -10, 2, -1, 6, -7, 3, -4, 9, -8, 10, -6, 7, -3, 5, -9, 8, -2
10_92 	1, -10, 2, -1, 3, -8, 6, -9, 10, -2, 5, -7, 9, -3, 4, -5, 7, -6, 8, -4
10_93 	1, -10, 6, -7, 2, -1, 3, -9, 5, -6, 7, -8, 4, -5, 10, -2, 8, -4, 9, -3
10_94 	1, -2, 7, -9, 4, -1, 2, -6, 8, -7, 3, -10, 5, -4, 6, -8, 9, -3, 10, -5
10_95 	-1, 10, -2, 1, -6, 5, -7, 4, -10, 2, -3, 9, -8, 6, -4, 3, -9, 7, -5, 8
10_96 	-1, 4, -3, 1, -2, 7, -6, 3, -4, 8, -5, 6, -9, 10, -7, 5, -8, 2, -10, 9
10_97 	1, -4, 3, -1, 2, -10, 7, -3, 4, -6, 5, -2, 8, -9, 10, -5, 6, -7, 9, -8
10_98 	-1, 5, -2, 8, -7, 1, -3, 4, -5, 2, -6, 10, -9, 7, -8, 6, -4, 3, -10, 9
10_99 	1, -9, 2, -10, 8, -1, 4, -5, 9, -2, 3, -7, 6, -4, 5, -3, 10, -8, 7, -6
10_100 	1, -3, 9, -2, 10, -6, 8, -4, 3, -9, 7, -5, 6, -8, 4, -1, 2, -7, 5, -10
10_101 	1, -10, 2, -1, 3, -8, 7, -9, 10, -2, 5, -6, 8, -3, 4, -5, 9, -7, 6, -4
10_102 	1, -4, 3, -7, 5, -1, 6, -8, 2, -3, 7, -10, 9, -5, 4, -2, 8, -6, 10, -9
10_103 	1, -3, 9, -2, 10, -4, 8, -7, 3, -9, 6, -5, 7, -8, 4, -1, 2, -6, 5, -10
10_104 	1, -10, 2, -9, 8, -1, 4, -6, 3, -7, 9, -8, 5, -4, 10, -2, 6, -3, 7, -5
10_105 	1, -10, 2, -1, 4, -5, 3, -8, 7, -6, 10, -2, 8, -9, 5, -4, 6, -7, 9, -3
10_106 	1, -4, 3, -6, 5, -1, 2, -9, 7, -3, 6, -10, 8, -5, 4, -2, 9, -7, 10, -8
10_107 	-1, 10, -2, 1, -6, 5, -3, 8, -4, 7, -10, 2, -8, 3, -9, 6, -7, 4, -5, 9
10_108 	1, -10, 2, -9, 8, -1, 4, -5, 6, -7, 9, -8, 3, -4, 10, -2, 7, -6, 5, -3
10_109 	1, -9, 2, -10, 8, -1, 4, -5, 9, -2, 3, -7, 10, -8, 6, -4, 5, -3, 7, -6
10_110 	-1, 7, -3, 8, -4, 1, -2, 5, -6, 3, -7, 10, -9, 6, -8, 4, -5, 9, -10, 2
10_111 	1, -5, 2, -8, 7, -1, 3, -4, 5, -2, 6, -10, 4, -3, 9, -7, 8, -6, 10, -9
10_112 	1, -5, 2, -6, 8, -1, 9, -2, 10, -8, 3, -7, 4, -9, 5, -10, 6, -3, 7, -4
10_113 	1, -10, 2, -1, 3, -7, 5, -6, 10, -2, 8, -5, 9, -3, 4, -8, 6, -9, 7, -4
10_114 	1, -6, 2, -7, 8, -1, 9, -2, 10, -8, 4, -5, 3, -9, 6, -10, 7, -3, 5, -4
10_115 	1, -10, 7, -8, 2, -1, 4, -5, 8, -7, 6, -9, 10, -2, 3, -4, 9, -6, 5, -3
10_116 	1, -9, 2, -10, 6, -1, 3, -4, 9, -5, 10, -8, 7, -3, 4, -2, 5, -6, 8, -7
10_117 	-1, 10, -6, 7, -2, 1, -4, 5, -8, 6, -7, 9, -3, 4, -10, 2, -9, 8, -5, 3
10_118 	1, -7, 6, -10, 2, -1, 5, -6, 9, -8, 10, -4, 3, -5, 7, -9, 8, -2, 4, -3
10_119 	-1, 4, -3, 8, -5, 1, -2, 3, -6, 7, -8, 10, -9, 5, -7, 6, -4, 2, -10, 9
10_120 	-1, 10, -5, 7, -2, 1, -6, 8, -7, 5, -4, 6, -3, 9, -8, 4, -10, 2, -9, 3
10_121  	-1, 10, -4, 5, -6, 1, -2, 9, -3, 4, -7, 6, -9, 8, -10, 7, -5, 3, -8, 2
10_122  	-1, 3, -6, 7, -4, 1, -2, 8, -5, 6, -9, 4, -10, 2, -3, 9, -7, 5, -8, 10
10_123	 1, -6, 2, -4, 3, -10, 9, -1, 7, -2, 5, -3, 8, -9, 6, -7, 4, -5, 10, -8
10_124	 1, -10, 2, -1, -4, 5, 10, -2, -3, 8, -6, 9, -7, 4, -5, 3, -8, 6, -9, 7
10_125	 -1, 10, -2, 1, -3, 9, -10, 2, 5, -7, 6, -8, -9, 3, 4, -5, 7, -6, 8, -4
10_126	 1, -10, 2, -1, -3, 9, 10, -2, -5, 7, -6, 8, -9, 3, -4, 5, -7, 6, -8, 4
10_127	  -1, 10, -2, 1, 3, -9, -10, 2, -5, 7, -6, 8, 9, -3, -4, 5, -7, 6, -8, 4
10_128 	1, -10, 2, -1, -4, 5, 10, -2, -3, 7, -8, 9, -6, 4, -5, 3, -9, 8, -7, 6
10_129 	-1, 10, -2, 1, -3, 9, -10, 2, 5, -6, 7, -8, -9, 3, 4, -5, 8, -7, 6, -4
10_130 	1, -10, 2, -1, -3, 9, 10, -2, -5, 6, -7, 8, -9, 3, -4, 5, -8, 7, -6, 4
10_131 	-1, 10, -2, 1, 3, -9, -10, 2, -5, 6, -7, 8, 9, -3, -4, 5, -8, 7, -6, 4
10_132 	1, -10, 2, -1, -3, 9, 10, -2, -5, 6, -9, 3, -7, 8, -4, 5, -6, 4, -8, 7
10_133 	-1, 10, -2, 1, -4, 5, -10, 2, 3, -9, 6, 4, -5, -3, 7, -8, 9, -6, 8, -7
10_134 	1, -10, 2, -1, -4, 5, 10, -2, -3, 9, -6, 4, -5, 3, -7, 8, -9, 6, -8, 7
10_135 	-1, 10, -2, 1, 4, -5, -10, 2, -3, 9, -6, -4, 5, 3, -7, 8, -9, 6, -8, 7
10_136 	-1, -7, 8, -6, 9, -8, 7, -5, 10, -9, 6, 2, -4, 3, 5, -10, -2, 1, -3, 4
10_137 	-1, 4, -3, 1, -2, -7, 6, 3, -4, 2, 5, -10, 9, -6, 7, -5, 8, -9, 10, -8
10_138 	1, -8, 10, -9, 8, -5, -7, 6, 9, -10, 5, -2, 4, -3, -6, 7, 2, -1, 3, -4
10_139 	1, -10, 2, -1, -4, 6, -5, 7, 10, -2, -3, 9, -8, 4, -6, 5, -7, 3, -9, 8
10_140 	-1, 10, -2, 1, 4, -5, 6, -7, -10, 2, -3, 9, -8, -4, 7, -6, 5, 3, -9, 8
10_141 	-1, 10, -2, 1, 3, -5, 4, -9, -10, 2, -7, 8, 9, -3, 5, -4, -6, 7, -8, 6
10_142 	1, -10, 2, -1, -4, 5, -6, 7, 10, -2, -3, 9, -8, 4, -7, 6, -5, 3, -9, 8
10_143 	1, -10, 2, -1, -3, 5, -4, 9, 10, -2, -7, 8, -9, 3, -5, 4, -6, 7, -8, 6
10_144 	-1, 10, -2, 1, -4, 5, -6, 7, -10, 2, 3, -9, 8, 4, -7, 6, -5, -3, 9, -8
10_145 	1, 8, -9, 7, -6, 5, -10, 9, -8, 2, -5, 6, 4, -3, -7, 10, -2, -1, 3, -4
10_146 	1, -4, 3, -1, -2, 7, -6, -3, 4, 8, -5, 6, -9, 10, -7, 5, -8, 2, -10, 9
10_147 	1, -10, 2, -1, -3, 7, 5, -6, 10, -2, 8, -5, 9, 3, -4, -8, 6, -9, -7, 4
10_148 	1, -10, 2, -1, -3, 9, 10, -2, -5, 6, -9, 3, -4, 8, -7, 5, -6, 4, -8, 7
10_149 	-1, 10, -2, 1, 3, -9, -10, 2, -5, 6, 9, -3, -4, 8, -7, 5, -6, 4, -8, 7
10_150 	1, -10, 2, -1, -3, 9, 10, -2, -4, 8, -9, 3, -6, 7, -8, 4, -5, 6, -7, 5
10_151 	-1, 5, -7, 6, -5, 4, -8, 7, -6, -3, 9, 8, -4, 2, -10, -9, 3, 1, -2, 10
10_152 	-1, 9, -2, 10, -3, 1, -9, 2, 5, -6, -10, 3, 4, -8, 7, -5, 6, -4, 8, -7
10_153 	1, -10, 2, -1, 3, -9, 10, -2, -5, 6, 9, -3, -4, 8, -7, 5, -6, 4, -8, 7
10_154 	1, 5, -7, 6, -5, 4, -8, 7, -6, -3, 9, 8, -4, -2, 10, -9, 3, -1, 2, -10
10_155 	-1, 4, -3, 6, -5, 1, -2, 9, -7, 3, -6, -10, 8, 5, -4, 2, -9, 7, 10, -8
10_156 	1, -10, 2, -1, 6, -5, -3, 8, 4, -7, 10, -2, -8, 3, 9, -6, 7, -4, 5, -9
10_157 	-1, 6, -7, -8, 10, -3, -5, 4, -6, 7, 3, -2, 9, 5, -4, 1, 8, -10, 2, -9
10_158 	1, 5, -2, 8, -7, -1, 3, -4, -5, 2, -6, 10, 4, -3, 9, 7, -8, 6, -10, -9
10_159 	-1, 5, -2, 6, -8, 1, -9, 2, -10, 8, 3, -7, 4, 9, -5, 10, -6, -3, 7, -4
10_160 	1, 9, -5, 4, -7, 6, -9, 3, -8, -2, 10, 7, -4, 8, -3, 5, -6, -1, 2, -10
10_161 	-1, 10, -2, 1, 6, -5, -3, 8, 4, -7, -10, 2, -8, 3, 9, -6, 7, -4, 5, -9
10_162 	1, -4, 3, -7, 5, -1, 6, -8, 2, -3, 7, 10, -9, -5, 4, -2, 8, -6, -10, 9
10_163 	1, -6, 2, -7, 8, -1, 9, -2, 10, -8, -4, 5, -3, -9, 6, -10, 7, 3, -5, 4
10_164 	1, 3, -6, 7, -4, -1, 2, 8, -5, 6, -9, 4, 10, -2, -3, 9, -7, 5, -8, -10
10_165 	-1, 4, -3, 8, -5, 1, -2, 3, -6, 7, -8, -10, 9, 5, -7, 6, -4, 2, 10, -9
11a_1	 1, -4, 3, -1, 2, -7, 6, -3, 4, -2, 5, -11, 8, -6, 7, -5, 9, -10, 11, -8, 10, -9
11a_2 	1, -4, 3, -1, 2, -11, 5, -3, 4, -2, 6, -10, 11, -5, 8, -9, 10, -6, 7, -8, 9, -7
11a_3 	1, -4, 3, -1, 2, -11, 5, -3, 4, -2, 7, -8, 11, -5, 6, -10, 9, -7, 8, -6, 10, -9
11a_4 	1, -4, 3, -1, 2, -11, 5, -3, 4, -2, 7, -8, 11, -5, 9, -10, 6, -7, 8, -6, 10, -9
11a_5 	1, -4, 3, -1, 2, -7, 6, -3, 4, -2, 8, -11, 5, -6, 7, -5, 9, -10, 11, -8, 10, -9
11a_6 	1, -4, 3, -1, 2, -11, 5, -3, 4, -2, 6, -9, 8, -10, 11, -5, 10, -6, 7, -8, 9, -7
11a_7 	1, -4, 3, -1, 2, -11, 5, -3, 4, -2, 7, -9, 8, -10, 11, -5, 6, -7, 9, -8, 10, -6
11a_8 	1, -4, 3, -1, 2, -11, 5, -3, 4, -2, 7, -8, 9, -10, 11, -5, 6, -7, 10, -9, 8, -6
11a_9 	1, -4, 3, -1, 2, -7, 6, -3, 4, -2, 5, -10, 8, -11, 9, -6, 7, -5, 10, -8, 11, -9
11a_10 	1, -4, 3, -1, 2, -7, 6, -3, 4, -2, 5, -9, 10, -11, 8, -6, 7, -5, 11, -10, 9, -8
11a_11 	1, -4, 3, -1, 2, -11, 5, -3, 4, -2, 9, -10, 6, -7, 11, -5, 7, -6, 8, -9, 10, -8
11a_12 	1, -4, 3, -1, 2, -7, 6, -3, 4, -2, 8, -10, 9, -11, 5, -6, 7, -5, 11, -8, 10, -9
11a_13 	1, -4, 3, -1, 2, -7, 6, -3, 4, -2, 8, -11, 9, -10, 5, -6, 7, -5, 10, -9, 11, -8
11a_14 	1, -11, 2, -1, 4, -5, 11, -2, 3, -10, 6, -4, 5, -3, 8, -9, 10, -6, 7, -8, 9, -7
11a_15 	1, -11, 2, -1, 4, -5, 11, -2, 3, -8, 7, -4, 5, -3, 6, -10, 9, -7, 8, -6, 10, -9
11a_16 	1, -11, 2, -1, 4, -5, 11, -2, 3, -8, 7, -4, 5, -3, 9, -10, 6, -7, 8, -6, 10, -9
11a_17 	1, -11, 2, -1, 3, -10, 11, -2, 4, -9, 10, -3, 5, -8, 9, -4, 6, -7, 8, -5, 7, -6
11a_18 	1, -11, 2, -1, 3, -10, 11, -2, 5, -6, 10, -3, 8, -9, 4, -5, 6, -4, 7, -8, 9, -7
11a_19 	1, -11, 2, -1, 4, -5, 11, -2, 8, -10, 6, -4, 5, -7, 9, -8, 3, -6, 7, -9, 10, -3
11a_20 	1, -11, 2, -1, 3, -10, 11, -2, 4, -9, 10, -3, 5, -7, 6, -8, 9, -4, 8, -5, 7, -6
11a_21 	1, -11, 2, -1, 3, -10, 11, -2, 4, -9, 10, -3, 5, -8, 6, -7, 9, -4, 7, -6, 8, -5
11a_22 	1, -11, 2, -1, 4, -5, 11, -2, 7, -8, 3, -4, 5, -3, 6, -10, 9, -7, 8, -6, 10, -9
11a_23 	1, -11, 2, -1, 4, -5, 11, -2, 7, -8, 3, -4, 5, -3, 9, -10, 6, -7, 8, -6, 10, -9
11a_24 	1, -11, 2, -1, 4, -5, 11, -2, 7, -8, 3, -4, 5, -10, 9, -3, 6, -7, 10, -9, 8, -6
11a_25 	1, -11, 2, -1, 4, -5, 11, -2, 3, -10, 7, -4, 5, -6, 10, -9, 8, -3, 6, -7, 9, -8
11a_26 	1, -11, 2, -1, 4, -5, 11, -2, 3, -8, 6, -4, 5, -7, 8, -10, 9, -6, 7, -3, 10, -9
11a_27 	1, -4, 3, -1, 7, -11, 5, -3, 4, -8, 9, -7, 2, -5, 6, -10, 8, -9, 10, -6, 11, -2
11a_28 	1, -4, 3, -1, 8, -10, 5, -3, 4, -7, 9, -8, 2, -11, 6, -5, 7, -9, 10, -2, 11, -6
11a_29 	1, -4, 3, -1, 9, -11, 5, -3, 4, -8, 10, -9, 6, -7, 2, -5, 8, -10, 11, -2, 7, -6
11a_30 	1, -4, 3, -1, 2, -11, 7, -3, 4, -6, 5, -2, 9, -10, 11, -5, 6, -7, 8, -9, 10, -8
11a_31 	1, -11, 2, -1, 3, -10, 11, -2, 5, -8, 7, -9, 10, -3, 4, -5, 6, -7, 8, -6, 9, -4
11a_32 	1, -11, 2, -1, 3, -10, 11, -2, 5, -6, 7, -9, 10, -3, 4, -5, 8, -7, 9, -8, 6, -4
11a_33 	1, -11, 2, -1, 4, -5, 11, -2, 3, -7, 6, -10, 9, -4, 5, -3, 7, -6, 8, -9, 10, -8
11a_34 	1, -11, 2, -1, 4, -5, 11, -2, 3, -8, 7, -10, 9, -4, 5, -3, 6, -7, 10, -9, 8, -6
11a_35 	1, -11, 2, -1, 4, -5, 11, -2, 3, -7, 8, -10, 6, -4, 5, -3, 9, -8, 10, -9, 7, -6
11a_36 	1, -11, 2, -1, 3, -10, 11, -2, 4, -8, 5, -9, 10, -3, 9, -4, 6, -7, 8, -5, 7, -6
11a_37 	1, -11, 2, -1, 4, -5, 11, -2, 3, -10, 8, -9, 7, -4, 5, -3, 6, -7, 9, -8, 10, -6
11a_38 	1, -11, 2, -1, 4, -5, 11, -2, 6, -7, 3, -10, 9, -4, 5, -3, 7, -6, 8, -9, 10, -8
11a_39 	1, -11, 2, -1, 3, -10, 11, -2, 4, -7, 5, -9, 10, -3, 6, -8, 9, -4, 7, -5, 8, -6
11a_40 	1, -11, 2, -1, 4, -5, 11, -2, 7, -9, 8, -10, 3, -4, 5, -3, 6, -7, 9, -8, 10, -6
11a_41 	1, -11, 2, -1, 4, -5, 11, -2, 7, -8, 9, -10, 3, -4, 5, -3, 6, -7, 10, -9, 8, -6
11a_42 	1, -11, 2, -1, 3, -10, 11, -2, 4, -9, 7, -8, 10, -3, 8, -7, 5, -6, 9, -4, 6, -5
11a_43 	1, -11, 2, -1, 3, -10, 11, -2, 8, -9, 5, -6, 10, -3, 4, -5, 6, -4, 7, -8, 9, -7
11a_44 	1, -11, 2, -1, 4, -5, 11, -2, 7, -8, 3, -10, 9, -4, 5, -3, 10, -9, 6, -7, 8, -6
11a_45 	1, -11, 2, -1, 3, -10, 11, -2, 4, -9, 7, -8, 10, -3, 5, -6, 8, -7, 9, -4, 6, -5
11a_46 	1, -11, 2, -1, 4, -5, 11, -2, 9, -10, 6, -7, 3, -4, 5, -3, 7, -6, 8, -9, 10, -8
11a_47 	1, -11, 2, -1, 4, -5, 11, -2, 3, -10, 9, -8, 6, -4, 5, -7, 8, -6, 7, -3, 10, -9
11a_48 	1, -4, 3, -1, 6, -7, 2, -3, 4, -2, 5, -11, 8, -6, 7, -5, 9, -10, 11, -8, 10, -9
11a_49 	1, -4, 3, -1, 5, -11, 2, -3, 4, -2, 7, -8, 11, -5, 6, -10, 9, -7, 8, -6, 10, -9
11a_50 	1, -4, 3, -1, 5, -11, 2, -3, 4, -2, 7, -8, 11, -5, 9, -10, 6, -7, 8, -6, 10, -9
11a_51 	1, -4, 3, -1, 6, -7, 2, -3, 4, -2, 8, -11, 5, -6, 7, -5, 9, -10, 11, -8, 10, -9
11a_52 	1, -4, 3, -1, 6, -7, 2, -3, 4, -11, 8, -2, 5, -6, 9, -10, 11, -8, 10, -9, 7, -5
11a_53 	1, -4, 3, -1, 7, -11, 5, -3, 4, -6, 8, -10, 9, -7, 2, -5, 6, -8, 10, -9, 11, -2
11a_54 	1, -4, 3, -1, 5, -11, 8, -3, 4, -10, 2, -9, 6, -5, 7, -8, 9, -2, 10, -6, 11, -7
11a_55 	1, -11, 2, -1, 3, -10, 11, -2, 4, -7, 5, -8, 6, -9, 10, -3, 9, -4, 7, -5, 8, -6
11a_56 	1, -11, 2, -1, 3, -10, 11, -2, 4, -6, 7, -8, 5, -9, 10, -3, 9, -4, 8, -7, 6, -5
11a_57 	1, -11, 2, -1, 3, -10, 11, -2, 4, -6, 5, -9, 8, -7, 10, -3, 9, -8, 7, -4, 6, -5
11a_58 	1, -11, 2, -1, 3, -10, 11, -2, 4, -6, 5, -9, 7, -8, 10, -3, 8, -7, 9, -4, 6, -5
11a_59 	1, -11, 2, -1, 3, -10, 11, -2, 4, -9, 5, -8, 6, -7, 10, -3, 7, -6, 8, -5, 9, -4
11a_60 	1, -4, 3, -1, 5, -11, 2, -3, 4, -2, 7, -9, 8, -10, 11, -5, 6, -7, 9, -8, 10, -6
11a_61 	1, -4, 3, -1, 5, -11, 2, -3, 4, -2, 7, -8, 9, -10, 11, -5, 6, -7, 10, -9, 8, -6
11a_62 	1, -4, 3, -1, 6, -7, 2, -3, 4, -2, 5, -10, 8, -11, 9, -6, 7, -5, 10, -8, 11, -9
11a_63 	1, -4, 3, -1, 6, -7, 2, -3, 4, -2, 5, -9, 10, -11, 8, -6, 7, -5, 11, -10, 9, -8
11a_64 	1, -4, 3, -1, 6, -7, 2, -3, 4, -2, 8, -10, 9, -11, 5, -6, 7, -5, 11, -8, 10, -9
11a_65 	1, -4, 3, -1, 6, -7, 2, -3, 4, -2, 8, -11, 9, -10, 5, -6, 7, -5, 10, -9, 11, -8
11a_66 	1, -4, 3, -1, 6, -7, 2, -3, 4, -11, 10, -2, 5, -9, 8, -6, 11, -10, 7, -5, 9, -8
11a_67 	1, -4, 3, -1, 6, -7, 2, -3, 4, -11, 10, -2, 8, -9, 5, -6, 11, -10, 7, -5, 9, -8
11a_68 	1, -4, 3, -1, 6, -7, 2, -3, 4, -10, 8, -11, 9, -2, 5, -6, 10, -8, 11, -9, 7, -5
11a_69 	1, -4, 3, -1, 6, -7, 2, -3, 4, -9, 10, -11, 8, -2, 5, -6, 11, -10, 9, -8, 7, -5
11a_70 	1, -4, 3, -1, 2, -7, 6, -3, 4, -8, 5, -6, 10, -11, 7, -5, 8, -2, 9, -10, 11, -9
11a_71 	1, -11, 2, -1, 4, -5, 6, -8, 11, -2, 3, -4, 7, -6, 10, -9, 5, -7, 8, -10, 9, -3
11a_72 	1, -11, 2, -1, 4, -7, 6, -10, 11, -2, 3, -4, 5, -6, 9, -8, 10, -5, 7, -9, 8, -3
11a_73 	1, -4, 3, -1, 2, -7, 5, -8, 9, -3, 4, -2, 10, -5, 11, -9, 6, -10, 7, -11, 8, -6
11a_74 	1, -4, 3, -1, 2, -6, 5, -9, 8, -3, 4, -2, 6, -5, 7, -11, 10, -8, 9, -7, 11, -10
11a_75 	1, -4, 3, -1, 2, -6, 5, -9, 8, -3, 4, -2, 6, -5, 10, -11, 7, -8, 9, -7, 11, -10
11a_76 	1, -4, 3, -1, 2, -7, 6, -9, 8, -3, 4, -2, 5, -6, 9, -11, 10, -8, 7, -5, 11, -10
11a_77 	1, -4, 3, -1, 2, -7, 6, -11, 8, -3, 4, -2, 5, -6, 9, -10, 11, -8, 10, -9, 7, -5
11a_78 	1, -4, 3, -1, 2, -10, 9, -11, 5, -3, 4, -2, 8, -9, 10, -8, 6, -7, 11, -5, 7, -6
11a_79 	1, -4, 3, -1, 2, -11, 8, -9, 5, -3, 4, -2, 7, -8, 9, -10, 6, -7, 11, -5, 10, -6
11a_80 	1, -4, 3, -1, 2, -6, 7, -9, 5, -3, 4, -2, 8, -7, 11, -10, 6, -8, 9, -11, 10, -5
11a_81 	1, -4, 3, -1, 2, -8, 7, -11, 5, -3, 4, -2, 6, -7, 10, -9, 11, -6, 8, -10, 9, -5
11a_82 	1, -11, 2, -1, 4, -7, 6, -10, 11, -2, 3, -4, 5, -9, 8, -6, 7, -5, 9, -8, 10, -3
11a_83 	1, -11, 2, -1, 4, -5, 6, -10, 11, -2, 3, -4, 7, -9, 8, -6, 10, -7, 9, -8, 5, -3
11a_84 	1, -11, 2, -1, 4, -7, 6, -10, 11, -2, 3, -4, 8, -9, 5, -6, 7, -5, 9, -8, 10, -3
11a_85 	1, -11, 2, -1, 4, -5, 6, -10, 11, -2, 3, -4, 7, -9, 8, -6, 10, -8, 9, -7, 5, -3
11a_86 	1, -4, 3, -1, 2, -10, 5, -11, 9, -3, 4, -2, 7, -8, 10, -5, 11, -9, 6, -7, 8, -6
11a_87 	1, -4, 3, -1, 2, -9, 10, -11, 5, -3, 4, -2, 7, -8, 11, -10, 9, -5, 6, -7, 8, -6
11a_88 	1, -4, 3, -1, 2, -7, 6, -9, 8, -3, 4, -2, 5, -11, 10, -6, 9, -8, 7, -5, 11, -10
11a_89 	1, -4, 3, -1, 2, -8, 5, -11, 10, -3, 4, -2, 6, -7, 8, -5, 9, -10, 11, -9, 7, -6
11a_90 	1, -4, 3, -1, 2, -7, 6, -10, 8, -3, 4, -2, 9, -11, 5, -6, 10, -8, 7, -5, 11, -9
11a_91 	1, -4, 3, -1, 2, -8, 9, -11, 5, -3, 4, -2, 6, -7, 10, -9, 11, -10, 8, -5, 7, -6
11a_92 	1, -5, 6, -9, 10, -8, 11, -7, 9, -10, 8, -2, 4, -3, 5, -11, 7, -6, 2, -1, 3, -4
11a_93 	1, -5, 6, -8, 10, -9, 11, -7, 9, -10, 8, -2, 4, -3, 5, -11, 7, -6, 2, -1, 3, -4
11a_94 	1, -11, 2, -1, 3, -9, 4, -10, 11, -2, 10, -3, 5, -7, 6, -8, 9, -4, 8, -5, 7, -6
11a_95 	1, -11, 2, -1, 3, -9, 4, -10, 11, -2, 10, -3, 5, -8, 6, -7, 9, -4, 7, -6, 8, -5
11a_96 	1, -4, 3, -1, 2, -11, 7, -10, 6, -3, 4, -2, 5, -6, 10, -9, 8, -7, 11, -8, 9, -5
11a_97 	1, -4, 3, -1, 2, -9, 7, -8, 6, -3, 4, -2, 5, -11, 10, -6, 8, -7, 9, -5, 11, -10
11a_98 	1, -4, 3, -1, 2, -9, 7, -8, 6, -3, 4, -2, 10, -11, 5, -6, 8, -7, 9, -5, 11, -10
11a_99 	1, -4, 3, -1, 2, -11, 5, -10, 9, -3, 4, -2, 7, -8, 10, -9, 6, -7, 11, -5, 8, -6
11a_100  	1, -4, 3, -1, 2, -11, 5, -10, 8, -3, 4, -2, 6, -9, 10, -8, 9, -7, 11, -5, 7, -6
11a_101	 1, -11, 2, -1, 7, -8, 4, -5, 11, -2, 3, -4, 6, -7, 9, -10, 8, -6, 5, -3, 10, -9
11a_102	 1, -4, 3, -1, 5, -6, 2, -9, 8, -3, 4, -2, 6, -5, 7, -11, 10, -8, 9, -7, 11, -10
11a_103 	1, -4, 3, -1, 5, -6, 2, -9, 8, -3, 4, -2, 6, -5, 10, -11, 7, -8, 9, -7, 11, -10
11a_104	 1, -4, 3, -1, 6, -7, 2, -11, 8, -3, 4, -2, 5, -6, 7, -5, 9, -10, 11, -8, 10, -9
11a_105 	1, -11, 2, -1, 3, -8, 4, -10, 11, -2, 5, -9, 10, -3, 8, -4, 6, -7, 9, -5, 7, -6
11a_106 	1, -11, 2, -1, 4, -6, 5, -7, 11, -2, 9, -10, 3, -4, 6, -5, 7, -3, 8, -9, 10, -8
11a_107 	1, -11, 2, -1, 4, -5, 6, -7, 11, -2, 9, -10, 3, -4, 7, -6, 5, -3, 8, -9, 10, -8
11a_108 	1, -11, 2, -1, 4, -7, 6, -8, 11, -2, 3, -10, 9, -4, 5, -6, 7, -5, 8, -3, 10, -9
11a_109 	1, -11, 2, -1, 4, -5, 6, -8, 11, -2, 3, -10, 9, -4, 7, -6, 8, -7, 5, -3, 10, -9
11a_110 	1, -11, 2, -1, 4, -7, 6, -8, 11, -2, 9, -10, 3, -4, 5, -6, 7, -5, 8, -3, 10, -9
11a_111 	1, -11, 2, -1, 4, -5, 6, -8, 11, -2, 9, -10, 3, -4, 7, -6, 8, -7, 5, -3, 10, -9
11a_112 	1, -4, 3, -1, 7, -9, 8, -11, 5, -3, 4, -6, 10, -7, 9, -8, 2, -5, 6, -10, 11, -2
11a_113 	1, -4, 3, -1, 9, -11, 5, -7, 6, -3, 4, -8, 10, -9, 2, -5, 7, -6, 8, -10, 11, -2
11a_114 	1, -11, 2, -1, 3, -7, 9, -10, 11, -2, 5, -6, 7, -3, 4, -5, 8, -9, 10, -8, 6, -4
11a_115 	1, -11, 2, -1, 5, -7, 4, -8, 11, -2, 3, -6, 7, -5, 9, -10, 6, -4, 8, -3, 10, -9
11a_116 	1, -11, 2, -1, 3, -8, 4, -10, 11, -2, 7, -9, 10, -3, 5, -6, 8, -4, 9, -7, 6, -5
11a_117 	1, -11, 2, -1, 3, -8, 4, -10, 11, -2, 7, -9, 10, -3, 5, -6, 8, -4, 6, -5, 9, -7
11a_118 	1, -4, 3, -1, 5, -8, 7, -11, 2, -3, 4, -2, 11, -5, 6, -10, 9, -7, 8, -6, 10, -9
11a_119 	1, -4, 3, -1, 5, -8, 7, -11, 2, -3, 4, -2, 11, -5, 9, -10, 6, -7, 8, -6, 10, -9
11a_120 	1, -4, 3, -1, 6, -10, 7, -11, 2, -3, 4, -2, 5, -6, 10, -9, 8, -7, 11, -8, 9, -5
11a_121 	1, -4, 3, -1, 6, -9, 10, -8, 2, -3, 4, -2, 5, -6, 8, -11, 7, -10, 9, -7, 11, -5
11a_122 	1, -4, 3, -1, 9, -11, 6, -7, 5, -3, 4, -8, 10, -9, 2, -5, 7, -6, 8, -10, 11, -2
11a_123 	1, -11, 2, -1, 5, -6, 3, -8, 11, -2, 8, -7, 4, -5, 9, -10, 6, -4, 7, -3, 10, -9
11a_124 	1, -11, 2, -1, 3, -9, 6, -10, 11, -2, 5, -8, 10, -3, 4, -5, 8, -7, 9, -6, 7, -4
11a_125 	1, -11, 2, -1, 4, -9, 6, -5, 11, -2, 3, -7, 8, -4, 5, -3, 10, -8, 9, -6, 7, -10
11a_126 	1, -11, 2, -1, 6, -5, 7, -4, 11, -2, 3, -10, 9, -6, 4, -3, 10, -8, 5, -7, 8, -9
11a_127 	1, -11, 2, -1, 4, -5, 6, -7, 11, -2, 3, -10, 9, -4, 7, -8, 10, -9, 5, -6, 8, -3
11a_128 	1, -4, 3, -1, 2, -11, 7, -10, 6, -3, 4, -5, 11, -2, 5, -6, 8, -9, 10, -7, 9, -8
11a_129 	1, -4, 3, -1, 7, -11, 10, -9, 5, -3, 4, -6, 8, -7, 2, -5, 6, -8, 11, -10, 9, -2
11a_130 	1, -4, 3, -1, 5, -11, 2, -10, 6, -3, 4, -8, 9, -5, 7, -6, 8, -9, 10, -2, 11, -7
11a_131 	1, -4, 3, -1, 2, -11, 10, -8, 7, -3, 4, -9, 5, -2, 11, -6, 8, -7, 9, -5, 6, -10
11a_132 	1, -4, 3, -1, 5, -6, 2, -9, 8, -3, 4, -2, 7, -11, 6, -5, 10, -8, 9, -7, 11, -10
11a_133 	1, -11, 2, -1, 3, -10, 8, -9, 11, -2, 4, -7, 9, -8, 10, -3, 5, -6, 7, -4, 6, -5
11a_134 	1, -11, 2, -1, 9, -10, 3, -7, 11, -2, 5, -6, 7, -3, 8, -9, 10, -8, 4, -5, 6, -4
11a_135 	1, -4, 3, -1, 5, -9, 7, -8, 2, -3, 4, -2, 10, -7, 11, -5, 6, -10, 8, -11, 9, -6
11a_136 	1, -9, 11, -7, 10, -6, 9, -5, 7, -2, 8, -10, 4, -3, 6, -8, 2, -11, 5, -1, 3, -4
11a_137 	1, -4, 3, -1, 7, -10, 8, -11, 5, -3, 4, -6, 9, -8, 10, -7, 2, -5, 6, -9, 11, -2
11a_138 	1, -4, 3, -1, 2, -8, 9, -10, 6, -3, 4, -5, 7, -9, 11, -2, 5, -6, 10, -7, 8, -11
11a_139 	1, -11, 2, -1, 3, -8, 4, -10, 11, -2, 5, -7, 6, -9, 10, -3, 8, -4, 9, -5, 7, -6
11a_140 	1, -11, 2, -1, 3, -7, 4, -10, 11, -2, 5, -9, 6, -8, 10, -3, 7, -4, 8, -6, 9, -5
11a_141 	1, -4, 3, -1, 5, -8, 7, -9, 2, -3, 4, -2, 9, -11, 10, -5, 6, -7, 11, -10, 8, -6
11a_142 	1, -4, 3, -1, 6, -8, 7, -9, 2, -3, 4, -2, 5, -11, 10, -6, 8, -7, 9, -5, 11, -10
11a_143 	1, -4, 3, -1, 6, -7, 8, -9, 2, -3, 4, -2, 5, -11, 10, -6, 9, -8, 7, -5, 11, -10
11a_144 	1, -4, 3, -1, 6, -8, 7, -9, 2, -3, 4, -2, 10, -11, 5, -6, 8, -7, 9, -5, 11, -10
11a_145 	1, -4, 3, -1, 6, -7, 8, -9, 2, -3, 4, -2, 10, -11, 5, -6, 9, -8, 7, -5, 11, -10
11a_146 	1, -4, 3, -1, 6, -8, 7, -9, 2, -3, 4, -11, 10, -2, 5, -6, 8, -7, 11, -10, 9, -5
11a_147 	1, -11, 2, -1, 3, -8, 4, -10, 11, -2, 7, -6, 5, -9, 10, -3, 6, -5, 8, -4, 9, -7
11a_148 	1, -4, 3, -1, 5, -10, 9, -11, 2, -3, 4, -2, 7, -8, 10, -5, 6, -7, 11, -9, 8, -6
11a_149 	1, -4, 3, -1, 5, -10, 8, -11, 2, -3, 4, -2, 7, -9, 11, -5, 6, -7, 9, -8, 10, -6
11a_150 	1, -4, 3, -1, 8, -7, 9, -6, 2, -3, 4, -2, 5, -11, 10, -8, 6, -5, 11, -9, 7, -10
11a_151 	1, -4, 3, -1, 6, -8, 7, -9, 2, -3, 4, -11, 10, -2, 5, -6, 11, -10, 8, -7, 9, -5
11a_152 	1, -4, 3, -1, 6, -7, 8, -9, 2, -3, 4, -11, 10, -2, 5, -6, 11, -10, 9, -8, 7, -5
11a_153 	1, -11, 2, -1, 3, -10, 8, -9, 11, -2, 9, -8, 4, -6, 5, -7, 10, -3, 7, -4, 6, -5
11a_154 	1, -11, 2, -1, 3, -10, 8, -9, 11, -2, 9, -8, 4, -7, 5, -6, 10, -3, 6, -5, 7, -4
11a_155 	1, -11, 2, -1, 8, -7, 4, -5, 11, -2, 3, -4, 6, -9, 5, -3, 10, -8, 9, -6, 7, -10
11a_156 	1, -4, 3, -1, 6, -7, 2, -11, 10, -3, 4, -2, 11, -10, 5, -9, 8, -6, 7, -5, 9, -8
11a_157 	1, -4, 3, -1, 6, -7, 2, -11, 10, -3, 4, -2, 5, -9, 11, -10, 8, -6, 7, -5, 9, -8
11a_158 	1, -11, 2, -1, 4, -7, 5, -6, 11, -2, 3, -8, 9, -5, 6, -3, 10, -4, 7, -9, 8, -10
11a_159 	1, -11, 2, -1, 3, -10, 8, -9, 11, -2, 4, -7, 9, -8, 5, -6, 10, -3, 6, -5, 7, -4
11a_160 	1, -11, 2, -1, 7, -8, 3, -9, 11, -2, 4, -10, 6, -3, 9, -5, 10, -7, 8, -6, 5, -4
11a_161 	1, -4, 3, -1, 8, -9, 5, -6, 2, -3, 4, -2, 6, -5, 7, -11, 10, -8, 9, -7, 11, -10
11a_162 	1, -4, 3, -1, 6, -8, 7, -9, 2, -3, 4, -11, 8, -7, 10, -2, 5, -6, 11, -10, 9, -5
11a_163 	1, -4, 3, -1, 6, -7, 2, -10, 8, -3, 4, -11, 9, -2, 10, -8, 5, -6, 11, -9, 7, -5
11a_164 	1, -4, 3, -1, 8, -9, 7, -11, 5, -3, 4, -6, 10, -7, 2, -5, 6, -8, 9, -10, 11, -2
11a_165 	1, -11, 2, -1, 3, -10, 8, -9, 11, -2, 4, -6, 5, -7, 9, -8, 10, -3, 7, -4, 6, -5
11a_166 	1, -11, 2, -1, 3, -10, 8, -9, 11, -2, 4, -7, 5, -6, 9, -8, 10, -3, 6, -5, 7, -4
11a_167 	1, -4, 3, -1, 7, -11, 9, -5, 2, -3, 4, -2, 5, -8, 10, -9, 6, -7, 8, -10, 11, -6
11a_168 	1, -4, 3, -1, 8, -9, 5, -6, 2, -3, 4, -11, 10, -2, 6, -5, 7, -8, 11, -10, 9, -7
11a_169 	1, -4, 3, -1, 6, -9, 8, -7, 2, -3, 4, -11, 10, -2, 5, -8, 9, -6, 11, -10, 7, -5
11a_170 	1, -11, 2, -1, 4, -8, 7, -5, 11, -2, 3, -9, 8, -6, 5, -3, 10, -4, 6, -7, 9, -10
11a_171 	1, -11, 2, -1, 4, -7, 3, -9, 11, -2, 6, -10, 7, -5, 9, -8, 10, -4, 5, -3, 8, -6
11a_172 	1, -4, 3, -1, 6, -8, 5, -9, 2, -3, 4, -11, 10, -2, 9, -7, 8, -6, 11, -10, 7, -5
11a_173 	1, -11, 2, -1, 3, -10, 6, -9, 11, -2, 9, -8, 7, -6, 4, -5, 10, -7, 8, -3, 5, -4
11a_174 	1, -11, 2, -1, 4, -6, 5, -9, 8, -10, 11, -2, 3, -4, 6, -5, 7, -8, 9, -7, 10, -3
11a_175 	1, -11, 2, -1, 4, -6, 5, -7, 8, -10, 11, -2, 3, -4, 6, -5, 9, -8, 10, -9, 7, -3
11a_176 	1, -11, 2, -1, 4, -7, 6, -9, 8, -10, 11, -2, 3, -4, 5, -6, 9, -8, 7, -5, 10, -3
11a_177 	1, -11, 2, -1, 4, -5, 6, -9, 8, -10, 11, -2, 3, -4, 7, -6, 9, -8, 10, -7, 5, -3
11a_178 	1, -11, 2, -1, 4, -5, 6, -8, 9, -10, 11, -2, 3, -4, 7, -6, 10, -9, 8, -7, 5, -3
11a_179 	1, -4, 3, -1, 2, -7, 5, -8, 6, -11, 10, -3, 4, -2, 7, -5, 8, -6, 9, -10, 11, -9
11a_180 	1, -4, 3, -1, 2, -6, 5, -9, 8, -11, 10, -3, 4, -2, 6, -5, 7, -8, 11, -10, 9, -7
11a_181 	1, -4, 3, -1, 2, -6, 7, -8, 5, -11, 10, -3, 4, -2, 8, -7, 6, -5, 9, -10, 11, -9
11a_182 	1, -4, 3, -1, 2, -7, 6, -10, 8, -11, 9, -3, 4, -2, 5, -6, 10, -8, 11, -9, 7, -5
11a_183 	1, -4, 3, -1, 2, -7, 6, -9, 10, -11, 8, -3, 4, -2, 5, -6, 11, -10, 9, -8, 7, -5
11a_184 	1, -4, 3, -1, 2, -6, 7, -10, 9, -11, 5, -3, 4, -2, 8, -7, 10, -9, 11, -8, 6, -5
11a_185 	1, -4, 3, -1, 2, -6, 7, -9, 10, -11, 5, -3, 4, -2, 8, -7, 11, -10, 9, -8, 6, -5
11a_186 	1, -11, 2, -1, 3, -8, 4, -9, 5, -10, 11, -2, 10, -3, 8, -4, 6, -7, 9, -5, 7, -6
11a_187 	1, -11, 2, -1, 4, -7, 8, -9, 5, -10, 11, -2, 3, -4, 9, -8, 7, -6, 10, -5, 6, -3
11a_188 	1, -4, 3, -1, 2, -6, 5, -11, 9, -10, 8, -3, 4, -2, 6, -5, 7, -8, 10, -9, 11, -7
11a_189 	1, -4, 3, -1, 2, -7, 8, -11, 5, -9, 6, -3, 4, -2, 10, -8, 9, -6, 7, -10, 11, -5
11a_190 	1, -11, 2, -1, 4, -9, 7, -8, 6, -10, 11, -2, 3, -4, 5, -6, 8, -7, 9, -5, 10, -3
11a_191 	1, -11, 2, -1, 3, -8, 4, -9, 7, -10, 11, -2, 10, -3, 5, -6, 8, -4, 9, -7, 6, -5
11a_192 	1, -11, 2, -1, 3, -7, 8, -9, 4, -10, 11, -2, 10, -3, 5, -6, 9, -8, 7, -4, 6, -5
11a_193 	1, -4, 3, -1, 2, -11, 7, -9, 8, -10, 6, -3, 4, -2, 5, -6, 10, -7, 9, -8, 11, -5
11a_194 	1, -4, 3, -1, 2, -9, 8, -7, 6, -11, 10, -3, 4, -2, 5, -6, 11, -10, 9, -8, 7, -5
11a_195 	1, -4, 3, -1, 2, -11, 7, -10, 8, -9, 6, -3, 4, -2, 5, -6, 9, -8, 10, -7, 11, -5
11a_196 	1, -4, 3, -1, 2, -8, 9, -10, 5, -7, 6, -3, 4, -2, 10, -11, 7, -6, 8, -9, 11, -5
11a_197 	1, -11, 2, -1, 7, -6, 3, -9, 4, -8, 11, -2, 9, -3, 10, -7, 5, -4, 8, -5, 6, -10
11a_198 	1, -11, 2, -1, 4, -10, 9, -5, 6, -8, 11, -2, 3, -9, 10, -4, 7, -6, 8, -7, 5, -3
11a_199 	1, -4, 3, -1, 5, -6, 2, -9, 8, -11, 10, -3, 4, -2, 6, -5, 7, -8, 11, -10, 9, -7
11a_200 	1, -11, 2, -1, 3, -10, 8, -7, 4, -9, 11, -2, 9, -8, 10, -3, 5, -6, 7, -4, 6, -5
11a_201 	1, -4, 3, -1, 5, -6, 2, -11, 9, -10, 8, -3, 4, -2, 6, -5, 7, -8, 10, -9, 11, -7
11a_202 	1, -4, 3, -1, 5, -7, 6, -8, 2, -11, 10, -3, 4, -2, 8, -5, 7, -6, 9, -10, 11, -9
11a_203 	1, -11, 2, -1, 3, -7, 4, -8, 5, -10, 11, -2, 6, -9, 10, -3, 7, -4, 8, -5, 9, -6
11a_204 	1, -11, 2, -1, 3, -6, 7, -8, 4, -10, 11, -2, 5, -9, 10, -3, 8, -7, 6, -4, 9, -5
11a_205 	1, -4, 3, -1, 5, -8, 7, -10, 9, -11, 2, -3, 4, -2, 11, -5, 6, -7, 10, -9, 8, -6
11a_206 	1, -4, 3, -1, 6, -9, 7, -10, 8, -11, 2, -3, 4, -2, 5, -6, 9, -7, 10, -8, 11, -5
11a_207 	1, -4, 3, -1, 6, -8, 7, -9, 10, -11, 2, -3, 4, -2, 5, -6, 8, -7, 11, -10, 9, -5
11a_208 	1, -4, 3, -1, 6, -7, 9, -10, 8, -11, 2, -3, 4, -2, 5, -6, 11, -9, 10, -8, 7, -5
11a_209 	1, -4, 3, -1, 5, -11, 2, -9, 8, -7, 6, -3, 4, -8, 9, -5, 10, -6, 7, -2, 11, -10
11a_210 	1, -4, 3, -1, 5, -10, 8, -9, 7, -11, 2, -3, 4, -2, 11, -5, 6, -7, 9, -8, 10, -6
11a_211 	1, -4, 3, -1, 6, -7, 8, -11, 9, -10, 2, -3, 4, -2, 5, -6, 10, -9, 11, -8, 7, -5
11a_212 	1, -11, 2, -1, 4, -5, 3, -7, 9, -8, 11, -2, 7, -10, 5, -4, 6, -9, 8, -6, 10, -3
11a_213 	1, -11, 2, -1, 3, -8, 5, -6, 4, -10, 11, -2, 7, -9, 10, -3, 8, -4, 9, -7, 6, -5
11a_214 	1, -4, 3, -1, 2, -11, 7, -10, 8, -9, 6, -3, 4, -5, 11, -2, 5, -6, 9, -8, 10, -7
11a_215 	1, -11, 2, -1, 3, -8, 4, -5, 10, -9, 11, -2, 7, -4, 6, -10, 9, -3, 8, -6, 5, -7
11a_216 	1, -11, 2, -1, 3, -8, 5, -6, 4, -10, 11, -2, 7, -5, 6, -9, 10, -3, 8, -4, 9, -7
11a_217 	1, -4, 3, -1, 6, -7, 2, -11, 5, -9, 10, -3, 4, -2, 11, -10, 8, -6, 7, -5, 9, -8
11a_218 	1, -4, 3, -1, 8, -7, 5, -10, 6, -9, 2, -3, 4, -2, 10, -5, 11, -8, 9, -6, 7, -11
11a_219 	1, -4, 3, -1, 6, -11, 10, -7, 8, -9, 2, -3, 4, -2, 5, -10, 11, -6, 9, -8, 7, -5
11a_220 	1, -11, 2, -1, 3, -6, 4, -10, 8, -9, 11, -2, 9, -8, 5, -7, 10, -3, 6, -4, 7, -5
11a_221 	1, -4, 3, -1, 6, -8, 7, -9, 2, -11, 10, -3, 4, -2, 11, -10, 5, -6, 8, -7, 9, -5
11a_222 	1, -4, 3, -1, 6, -7, 8, -9, 2, -11, 10, -3, 4, -2, 11, -10, 5, -6, 9, -8, 7, -5
11a_223 	1, -11, 2, -1, 3, -6, 4, -10, 9, -8, 11, -2, 5, -7, 10, -9, 8, -3, 6, -4, 7, -5
11a_224 	1, -11, 2, -1, 3, -6, 4, -10, 8, -9, 11, -2, 5, -7, 9, -8, 10, -3, 6, -4, 7, -5
11a_225 	1, -4, 3, -1, 8, -10, 9, -11, 5, -6, 2, -3, 4, -2, 6, -5, 7, -8, 10, -9, 11, -7
11a_226 	1, -4, 3, -1, 8, -9, 10, -11, 5, -6, 2, -3, 4, -2, 6, -5, 7, -8, 11, -10, 9, -7
11a_227 	1, -11, 2, -1, 3, -8, 5, -4, 10, -9, 11, -2, 4, -7, 6, -10, 9, -3, 8, -6, 7, -5
11a_228 	1, -4, 3, -1, 6, -7, 5, -10, 9, -8, 2, -3, 4, -2, 10, -11, 7, -6, 8, -9, 11, -5
11a_229 	1, -11, 2, -1, 3, -10, 6, -9, 7, -8, 11, -2, 8, -7, 4, -5, 9, -6, 10, -3, 5, -4
11a_230 	1, -11, 2, -1, 3, -10, 6, -9, 7, -8, 11, -2, 4, -5, 8, -7, 9, -6, 10, -3, 5, -4
11a_231 	1, -11, 2, -1, 4, -6, 5, -8, 7, -4, 6, -5, 11, -2, 3, -10, 9, -7, 8, -3, 10, -9
11a_232 	1, -11, 2, -1, 4, -7, 6, -10, 3, -4, 5, -8, 11, -2, 9, -6, 7, -5, 8, -9, 10, -3
11a_233 	1, -11, 2, -1, 4, -8, 6, -7, 3, -4, 5, -9, 11, -2, 7, -10, 8, -5, 9, -6, 10, -3
11a_234 	1, -11, 2, -1, 3, -7, 4, -8, 5, -9, 6, -10, 11, -2, 10, -3, 7, -4, 8, -5, 9, -6
11a_235 	1, -11, 2, -1, 3, -6, 4, -7, 8, -9, 5, -10, 11, -2, 10, -3, 6, -4, 9, -8, 7, -5
11a_236 	1, -11, 2, -1, 3, -5, 7, -8, 6, -9, 4, -10, 11, -2, 10, -3, 9, -7, 8, -6, 5, -4
11a_237 	1, -11, 2, -1, 3, -7, 8, -9, 5, -6, 4, -10, 11, -2, 10, -3, 9, -8, 7, -4, 6, -5
11a_238 	1, -11, 2, -1, 3, -5, 6, -9, 7, -8, 4, -10, 11, -2, 10, -3, 8, -7, 9, -6, 5, -4
11a_239 	1, -11, 2, -1, 4, -8, 3, -7, 6, -10, 8, -5, 11, -2, 7, -9, 10, -4, 5, -3, 9, -6
11a_240 	1, -11, 2, -1, 3, -6, 4, -7, 5, -10, 9, -8, 11, -2, 10, -9, 8, -3, 6, -4, 7, -5
11a_241 	1, -11, 2, -1, 3, -5, 6, -7, 4, -10, 9, -8, 11, -2, 10, -9, 8, -3, 7, -6, 5, -4
11a_242 	1, -11, 2, -1, 3, -6, 4, -7, 5, -10, 8, -9, 11, -2, 9, -8, 10, -3, 6, -4, 7, -5
11a_243 	1, -11, 2, -1, 3, -5, 6, -7, 4, -10, 8, -9, 11, -2, 9, -8, 10, -3, 7, -6, 5, -4
11a_244 	1, -11, 2, -1, 3, -9, 5, -8, 4, -7, 6, -10, 11, -2, 8, -4, 10, -3, 9, -6, 7, -5
11a_245 	1, -11, 2, -1, 3, -5, 4, -10, 6, -8, 7, -9, 11, -2, 9, -6, 8, -7, 10, -3, 5, -4
11a_246 	1, -11, 2, -1, 3, -5, 4, -10, 6, -9, 7, -8, 11, -2, 8, -7, 9, -6, 10, -3, 5, -4
11a_247 	1, -11, 2, -1, 3, -10, 4, -9, 5, -8, 6, -7, 11, -2, 7, -6, 8, -5, 9, -4, 10, -3
11a_248 	1, -4, 3, -7, 6, -1, 2, -3, 5, -6, 8, -10, 9, -11, 7, -5, 4, -2, 11, -8, 10, -9
11a_249 	1, -4, 3, -7, 6, -1, 2, -3, 5, -6, 8, -11, 9, -10, 7, -5, 4, -2, 10, -9, 11, -8
11a_250 	1, -3, 2, -6, 5, -1, 3, -2, 4, -9, 8, -5, 6, -4, 7, -11, 10, -8, 9, -7, 11, -10
11a_251 	1, -3, 2, -6, 5, -1, 3, -2, 9, -11, 7, -5, 6, -8, 10, -9, 4, -7, 8, -10, 11, -4
11a_252 	1, -3, 2, -6, 5, -1, 3, -2, 8, -9, 4, -5, 6, -11, 10, -4, 7, -8, 11, -10, 9, -7
11a_253 	1, -3, 2, -6, 5, -1, 3, -2, 4, -11, 8, -5, 6, -7, 11, -10, 9, -4, 7, -8, 10, -9
11a_254 	1, -3, 2, -6, 5, -1, 3, -2, 4, -9, 7, -5, 6, -8, 9, -11, 10, -7, 8, -4, 11, -10
11a_255 	1, -4, 3, -7, 6, -1, 2, -3, 5, -9, 8, -6, 10, -11, 7, -5, 9, -8, 4, -2, 11, -10
11a_256 	1, -4, 3, -7, 6, -1, 2, -3, 8, -9, 5, -6, 10, -11, 7, -5, 9, -8, 4, -2, 11, -10
11a_257 	1, -3, 2, -6, 5, -1, 3, -2, 4, -9, 8, -11, 10, -5, 6, -4, 7, -8, 11, -10, 9, -7
11a_258 	1, -3, 2, -6, 5, -1, 3, -2, 4, -11, 9, -10, 8, -5, 6, -4, 7, -8, 10, -9, 11, -7
11a_259 	1, -10, 2, -11, 3, -1, 10, -2, 4, -7, 5, -9, 11, -3, 6, -8, 9, -4, 7, -5, 8, -6
11a_260 	1, -10, 2, -11, 3, -1, 10, -2, 4, -9, 7, -8, 11, -3, 5, -6, 8, -7, 9, -4, 6, -5
11a_261 	1, -4, 3, -6, 5, -1, 2, -3, 6, -9, 8, -11, 10, -5, 4, -2, 7, -8, 11, -10, 9, -7
11a_262 	1, -4, 3, -6, 5, -1, 2, -3, 6, -11, 9, -10, 8, -5, 4, -2, 7, -8, 10, -9, 11, -7
11a_263 	1, -10, 2, -11, 3, -1, 10, -2, 4, -6, 5, -9, 8, -7, 11, -3, 9, -8, 7, -4, 6, -5
11a_264 	1, -11, 5, -6, 2, -1, 4, -5, 6, -8, 7, -10, 9, -4, 11, -2, 3, -7, 10, -9, 8, -3
11a_265 	1, -11, 5, -6, 2, -1, 4, -5, 6, -10, 8, -9, 7, -4, 11, -2, 3, -7, 9, -8, 10, -3
11a_266 	1, -10, 2, -6, 5, -1, 3, -11, 8, -2, 4, -5, 9, -3, 7, -8, 6, -4, 10, -7, 11, -9
11a_267 	1, -4, 3, -8, 7, -1, 5, -9, 2, -3, 6, -7, 10, -5, 9, -11, 8, -6, 4, -2, 11, -10
11a_268 	1, -4, 3, -7, 6, -1, 2, -10, 8, -3, 5, -6, 9, -11, 7, -5, 4, -2, 10, -8, 11, -9
11a_269 	1, -5, 7, -9, 4, -1, 2, -6, 8, -7, 3, -4, 10, -11, 6, -8, 9, -3, 5, -2, 11, -10
11a_270 	1, -4, 3, -8, 7, -1, 5, -9, 2, -3, 6, -7, 10, -11, 8, -6, 4, -2, 9, -5, 11, -10
11a_271 	1, -5, 7, -11, 4, -1, 2, -10, 6, -7, 3, -4, 10, -8, 9, -6, 11, -3, 5, -9, 8, -2
11a_272 	1, -4, 3, -8, 7, -1, 5, -9, 2, -3, 6, -7, 10, -11, 8, -6, 4, -2, 11, -10, 9, -5
11a_273 	1, -7, 3, -10, 9, -1, 2, -8, 4, -3, 10, -6, 5, -9, 7, -2, 11, -5, 6, -4, 8, -11
11a_274 	1, -5, 2, -8, 7, -1, 3, -4, 5, -2, 6, -11, 10, -7, 8, -9, 11, -3, 4, -6, 9, -10
11a_275 	1, -10, 2, -11, 9, -1, 3, -8, 10, -2, 5, -6, 11, -9, 4, -7, 6, -5, 8, -3, 7, -4
11a_276 	1, -11, 7, -8, 2, -1, 3, -6, 8, -7, 10, -9, 11, -2, 4, -5, 6, -10, 9, -3, 5, -4
11a_277 	1, -6, 5, -4, 3, -1, 2, -8, 4, -5, 7, -2, 9, -11, 10, -3, 6, -7, 8, -9, 11, -10
11a_278 	1, -6, 5, -4, 3, -1, 2, -8, 4, -5, 7, -2, 10, -11, 9, -3, 6, -7, 8, -9, 11, -10
11a_279 	1, -5, 4, -6, 3, -1, 2, -7, 8, -4, 5, -2, 9, -11, 10, -3, 6, -8, 7, -9, 11, -10
11a_280 	1, -5, 4, -6, 3, -1, 2, -7, 8, -4, 5, -2, 10, -11, 9, -3, 6, -8, 7, -9, 11, -10
11a_281 	1, -8, 7, -10, 2, -1, 6, -11, 9, -7, 8, -6, 4, -5, 10, -2, 3, -4, 11, -9, 5, -3
11a_282 	1, -6, 5, -4, 3, -1, 2, -10, 4, -5, 8, -9, 7, -2, 11, -3, 6, -8, 9, -7, 10, -11
11a_283 	1, -8, 4, -9, 3, -1, 2, -10, 5, -4, 8, -7, 6, -2, 11, -3, 9, -5, 7, -6, 10, -11
11a_284 	1, -11, 5, -9, 2, -1, 4, -8, 6, -5, 9, -7, 10, -4, 11, -2, 3, -10, 8, -6, 7, -3
11a_285 	1, -7, 4, -8, 3, -1, 2, -9, 10, -4, 5, -6, 7, -2, 11, -3, 6, -5, 8, -10, 9, -11
11a_286 	1, -8, 7, -10, 2, -1, 4, -5, 6, -7, 8, -11, 9, -6, 10, -2, 3, -4, 11, -9, 5, -3
11a_287 	1, -6, 5, -11, 2, -1, 4, -10, 8, -5, 6, -7, 10, -9, 11, -2, 3, -4, 7, -8, 9, -3
11a_288 	1, -11, 5, -9, 2, -1, 4, -7, 8, -5, 9, -6, 7, -10, 11, -2, 3, -4, 10, -8, 6, -3
11a_289 	1, -4, 3, -7, 5, -1, 6, -9, 7, -3, 2, -8, 9, -11, 10, -5, 4, -2, 8, -6, 11, -10
11a_290 	1, -8, 2, -7, 6, -1, 3, -9, 5, -2, 8, -4, 9, -11, 10, -6, 7, -5, 4, -3, 11, -10
11a_291 	1, -11, 5, -6, 2, -1, 3, -4, 6, -5, 8, -10, 9, -7, 11, -2, 4, -8, 10, -9, 7, -3
11a_292 	1, -11, 5, -6, 2, -1, 3, -4, 6, -5, 8, -10, 7, -9, 11, -2, 4, -8, 9, -7, 10, -3
11a_293 	1, -4, 3, -7, 5, -1, 6, -11, 7, -3, 2, -9, 8, -10, 11, -5, 4, -2, 9, -8, 10, -6
11a_294 	1, -4, 3, -7, 5, -1, 6, -11, 7, -3, 2, -8, 9, -10, 11, -5, 4, -2, 10, -9, 8, -6
11a_295 	1, -10, 2, -9, 8, -1, 3, -11, 7, -2, 10, -5, 4, -6, 11, -8, 9, -7, 5, -4, 6, -3
11a_296 	1, -10, 2, -9, 8, -1, 3, -11, 7, -2, 10, -4, 5, -6, 11, -8, 9, -7, 6, -5, 4, -3
11a_297 	1, -6, 9, -11, 3, -1, 4, -7, 2, -9, 10, -8, 6, -5, 7, -3, 8, -10, 11, -2, 5, -4
11a_298 	1, -10, 2, -11, 5, -1, 10, -4, 3, -2, 6, -8, 7, -9, 11, -3, 4, -5, 9, -6, 8, -7
11a_299 	1, -10, 2, -11, 5, -1, 10, -4, 3, -2, 6, -9, 7, -8, 11, -3, 4, -5, 8, -7, 9, -6
11a_300 	1, -5, 2, -8, 7, -1, 3, -4, 5, -2, 6, -10, 9, -3, 4, -11, 10, -7, 8, -6, 11, -9
11a_301 	1, -5, 7, -6, 3, -1, 2, -10, 4, -7, 6, -9, 11, -2, 8, -4, 9, -3, 5, -8, 10, -11
11a_302 	1, -4, 3, -7, 5, -1, 6, -8, 2, -3, 7, -10, 9, -6, 8, -11, 10, -5, 4, -2, 11, -9
11a_303 	1, -4, 5, -7, 3, -1, 8, -2, 6, -5, 7, -9, 2, -11, 10, -6, 9, -3, 4, -10, 11, -8
11a_304 	1, -10, 2, -11, 9, -1, 3, -8, 10, -2, 4, -7, 8, -3, 5, -6, 7, -4, 11, -9, 6, -5
11a_305 	1, -7, 5, -4, 3, -1, 2, -11, 10, -3, 6, -5, 9, -8, 11, -10, 4, -6, 7, -9, 8, -2
11a_306 	1, -4, 3, -6, 5, -1, 2, -9, 8, -11, 10, -3, 6, -5, 4, -2, 7, -8, 11, -10, 9, -7
11a_307 	1, -4, 3, -6, 5, -1, 2, -11, 9, -10, 8, -3, 6, -5, 4, -2, 7, -8, 10, -9, 11, -7
11a_308 	1, -10, 2, -11, 9, -1, 3, -6, 4, -8, 10, -2, 11, -9, 5, -7, 8, -3, 6, -4, 7, -5
11a_309 	1, -9, 10, -11, 2, -1, 3, -6, 4, -8, 11, -10, 9, -2, 5, -7, 8, -3, 6, -4, 7, -5
11a_310 	1, -10, 2, -11, 9, -1, 3, -8, 6, -7, 10, -2, 11, -9, 4, -5, 7, -6, 8, -3, 5, -4
11a_311 	1, -9, 10, -11, 2, -1, 3, -8, 6, -7, 11, -10, 9, -2, 4, -5, 7, -6, 8, -3, 5, -4
11a_312 	1, -5, 4, -6, 3, -1, 2, -7, 9, -10, 8, -4, 5, -2, 11, -3, 6, -9, 10, -8, 7, -11
11a_313 	1, -5, 4, -6, 3, -1, 2, -7, 8, -10, 9, -4, 5, -2, 11, -3, 6, -9, 10, -8, 7, -11
11a_314 	1, -3, 5, -4, 6, -1, 2, -11, 9, -8, 4, -5, 7, -9, 10, -6, 3, -2, 11, -7, 8, -10
11a_315 	1, -4, 3, -6, 5, -1, 2, -11, 8, -10, 6, -3, 7, -9, 10, -5, 4, -2, 11, -7, 9, -8
11a_316 	1, -4, 3, -9, 5, -1, 6, -8, 7, -11, 9, -3, 2, -10, 11, -5, 4, -2, 10, -6, 8, -7
11a_317 	1, -4, 5, -3, 6, -7, 9, -8, 11, -6, 10, -2, 7, -11, 4, -5, 3, -1, 8, -9, 2, -10
11a_318 	1, -10, 2, -11, 9, -1, 3, -8, 5, -4, 10, -2, 6, -7, 11, -9, 8, -5, 7, -6, 4, -3
11a_319 	1, -11, 5, -6, 2, -1, 3, -10, 9, -4, 6, -5, 8, -7, 11, -2, 10, -9, 4, -8, 7, -3
11a_320 	1, -11, 5, -6, 2, -1, 3, -10, 4, -9, 6, -5, 8, -7, 11, -2, 9, -4, 10, -8, 7, -3
11a_321 	1, -10, 2, -7, 6, -1, 3, -11, 5, -9, 8, -2, 10, -4, 11, -6, 7, -5, 9, -8, 4, -3
11a_322 	1, -4, 5, -6, 3, -1, 7, -10, 2, -11, 6, -5, 9, -8, 10, -3, 4, -9, 11, -2, 8, -7
11a_323 	1, -4, 3, -8, 5, -1, 6, -10, 7, -11, 8, -3, 2, -9, 11, -5, 4, -2, 9, -7, 10, -6
11a_324 	1, -9, 2, -7, 6, -1, 3, -10, 5, -11, 8, -2, 9, -4, 10, -6, 7, -8, 11, -5, 4, -3
11a_325 	1, -3, 6, -4, 5, -7, 9, -8, 11, -5, 10, -2, 7, -11, 4, -6, 3, -1, 8, -9, 2, -10
11a_326 	1, -4, 3, -9, 5, -1, 7, -8, 6, -11, 9, -3, 2, -7, 8, -10, 11, -5, 4, -2, 10, -6
11a_327 	1, -11, 3, -7, 2, -1, 9, -10, 4, -5, 7, -3, 6, -4, 8, -9, 11, -2, 5, -6, 10, -8
11a_328 	1, -11, 6, -7, 2, -1, 4, -9, 3, -10, 7, -6, 8, -5, 9, -4, 11, -2, 10, -8, 5, -3
11a_329 	1, -11, 5, -6, 2, -1, 3, -9, 4, -10, 6, -5, 8, -4, 9, -7, 11, -2, 10, -8, 7, -3
11a_330 	1, -4, 3, -7, 5, -1, 6, -11, 10, -9, 7, -3, 2, -8, 11, -10, 9, -5, 4, -2, 8, -6
11a_331 	1, -4, 5, -6, 3, -1, 7, -11, 2, -10, 6, -5, 8, -9, 10, -2, 11, -3, 4, -8, 9, -7
11a_332 	1, -11, 3, -9, 2, -1, 7, -8, 11, -2, 4, -10, 6, -3, 9, -5, 10, -7, 8, -6, 5, -4
11a_333 	1, -6, 4, -5, 3, -1, 2, -11, 9, -10, 8, -3, 5, -4, 6, -2, 7, -8, 10, -9, 11, -7
11a_334 	1, -10, 2, -11, 9, -1, 3, -6, 4, -7, 5, -8, 10, -2, 11, -9, 8, -3, 6, -4, 7, -5
11a_335 	1, -10, 2, -11, 9, -1, 3, -5, 6, -7, 4, -8, 10, -2, 11, -9, 8, -3, 7, -6, 5, -4
11a_336 	1, -9, 10, -11, 2, -1, 3, -6, 4, -7, 5, -8, 11, -10, 9, -2, 8, -3, 6, -4, 7, -5
11a_337 	1, -9, 10, -11, 2, -1, 3, -5, 6, -7, 4, -8, 11, -10, 9, -2, 8, -3, 7, -6, 5, -4
11a_338 	1, -10, 2, -11, 9, -1, 3, -5, 4, -8, 7, -6, 10, -2, 11, -9, 8, -7, 6, -3, 5, -4
11a_339 	1, -10, 2, -11, 9, -1, 3, -5, 4, -8, 6, -7, 10, -2, 11, -9, 7, -6, 8, -3, 5, -4
11a_340 	1, -9, 10, -11, 2, -1, 3, -5, 4, -8, 7, -6, 11, -10, 9, -2, 8, -7, 6, -3, 5, -4
11a_341 	1, -9, 10, -11, 2, -1, 3, -5, 4, -8, 6, -7, 11, -10, 9, -2, 7, -6, 8, -3, 5, -4
11a_342 	1, -10, 2, -11, 9, -1, 3, -8, 4, -7, 5, -6, 10, -2, 11, -9, 6, -5, 7, -4, 8, -3
11a_343 	1, -9, 10, -11, 2, -1, 3, -8, 4, -7, 5, -6, 11, -10, 9, -2, 6, -5, 7, -4, 8, -3
11a_344 	1, -11, 5, -6, 2, -1, 4, -8, 3, -9, 7, -10, 6, -5, 8, -4, 11, -2, 10, -3, 9, -7
11a_345 	1, -11, 5, -6, 2, -1, 4, -7, 3, -10, 8, -9, 6, -5, 7, -4, 11, -2, 9, -8, 10, -3
11a_346 	1, -7, 3, -6, 4, -1, 2, -10, 8, -5, 6, -4, 9, -11, 5, -3, 7, -2, 10, -8, 11, -9
11a_347 	1, -7, 3, -6, 4, -1, 8, -9, 2, -5, 6, -4, 10, -11, 5, -3, 7, -2, 9, -8, 11, -10
11a_348 	1, -4, 6, -7, 3, -1, 2, -8, 7, -5, 4, -2, 9, -11, 10, -3, 5, -6, 8, -9, 11, -10
11a_349 	1, -4, 6, -7, 3, -1, 2, -8, 7, -5, 4, -2, 10, -11, 9, -3, 5, -6, 8, -9, 11, -10
11a_350 	1, -7, 5, -4, 3, -1, 2, -10, 4, -6, 7, -9, 8, -2, 11, -3, 6, -5, 9, -8, 10, -11
11a_351 	1, -4, 6, -7, 3, -1, 2, -9, 8, -10, 7, -5, 4, -2, 11, -3, 5, -6, 9, -8, 10, -11
11a_352 	1, -4, 6, -7, 3, -1, 2, -8, 9, -10, 7, -5, 4, -2, 11, -3, 5, -6, 10, -9, 8, -11
11a_353 	1, -10, 5, -6, 2, -11, 9, -1, 3, -4, 6, -5, 8, -7, 10, -2, 11, -9, 4, -8, 7, -3
11a_354 	1, -8, 2, -9, 10, -11, 5, -1, 8, -4, 3, -2, 6, -7, 11, -10, 9, -3, 4, -5, 7, -6
11a_355 	1, -9, 2, -10, 7, -11, 8, -1, 3, -5, 4, -6, 9, -2, 10, -7, 11, -8, 6, -3, 5, -4
11a_356 	1, -8, 2, -9, 10, -11, 7, -1, 3, -5, 4, -6, 8, -2, 11, -10, 9, -7, 6, -3, 5, -4
11a_357 	1, -7, 9, -10, 8, -11, 2, -1, 3, -5, 4, -6, 11, -9, 10, -8, 7, -2, 6, -3, 5, -4
11a_358 	1, -9, 2, -10, 7, -11, 8, -1, 3, -6, 4, -5, 9, -2, 10, -7, 11, -8, 5, -4, 6, -3
11a_359 	1, -8, 2, -9, 10, -11, 7, -1, 3, -6, 4, -5, 8, -2, 11, -10, 9, -7, 5, -4, 6, -3
11a_360 	1, -7, 9, -10, 8, -11, 2, -1, 3, -6, 4, -5, 11, -9, 10, -8, 7, -2, 5, -4, 6, -3
11a_361 	1, -9, 10, -11, 3, -7, 2, -1, 4, -6, 5, -8, 11, -10, 9, -2, 7, -3, 8, -4, 6, -5
11a_362 	1, -9, 10, -11, 3, -6, 2, -1, 4, -8, 5, -7, 11, -10, 9, -2, 6, -3, 7, -5, 8, -4
11a_363 	1, -7, 8, -11, 9, -10, 2, -1, 3, -6, 4, -5, 10, -9, 11, -8, 7, -2, 5, -4, 6, -3
11a_364 	1, -8, 2, -9, 5, -10, 6, -11, 7, -1, 3, -4, 8, -2, 9, -5, 10, -6, 11, -7, 4, -3
11a_365 	1, -7, 2, -8, 5, -9, 10, -11, 6, -1, 3, -4, 7, -2, 8, -5, 11, -10, 9, -6, 4, -3
11a_366 	1, -6, 7, -8, 2, -9, 10, -11, 5, -1, 3, -4, 8, -7, 6, -2, 11, -10, 9, -5, 4, -3
11a_367 	1, -7, 2, -8, 3, -9, 4, -10, 5, -11, 6, -1, 7, -2, 8, -3, 9, -4, 10, -5, 11, -6
11n_1  	1, -4, 3, -1, 2, -7, 6, -3, 4, -2, -5, 11, -8, -6, 7, 5, -9, 10, -11, 8, -10, 9
11n_2	 1, -4, 3, -1, 2, 7, -6, -3, 4, -2, 5, -11, 8, 6, -7, -5, 9, -10, 11, -8, 10, -9
11n_3	 1, -4, 3, -1, 2, 7, -6, -3, 4, -2, -5, 11, -8, 6, -7, 5, -9, 10, -11, 8, -10, 9
11n_4	 1, -4, 3, -1, 2, -11, 5, -3, 4, -2, 6, -10, 11, -5, -8, 9, 10, -6, -7, 8, -9, 7
11n_5  	1, -4, 3, -1, 2, -11, 5, -3, 4, -2, -6, 10, 11, -5, 8, -9, -10, 6, 7, -8, 9, -7
11n_6	 1, -4, 3, -1, 2, -11, 5, -3, 4, -2, -6, 10, 11, -5, -8, 9, -10, 6, -7, 8, -9, 7
11n_7	 1, -4, 3, -1, 2, 11, -5, -3, 4, -2, 6, -10, -11, 5, 8, -9, 10, -6, 7, -8, 9, -7
11n_8	 1, -4, 3, -1, 2, 11, -5, -3, 4, -2, -6, 10, -11, 5, -8, 9, -10, 6, -7, 8, -9, 7
11n_9	 1, 9, -10, 6, -8, 7, -9, 10, -6, -5, 11, 8, -7, -2, 4, -3, 5, -11, 2, -1, 3, -4
11n_10	 1, -4, 3, -1, 2, 11, -5, -3, 4, -2, 7, -8, -11, 5, 6, -10, 9, -7, 8, -6, 10, -9
11n_11	 1, -4, 3, -1, 2, 11, -5, -3, 4, -2, -7, 8, -11, 5, -6, 10, -9, 7, -8, 6, -10, 9
11n_12	 1, -4, 3, -1, 2, 11, -5, -3, 4, -2, -7, 8, -11, 5, -9, 10, -6, 7, -8, 6, -10, 9
11n_13	 1, -4, 3, -1, 2, -11, 5, -3, 4, -2, -7, 9, -8, 10, 11, -5, -6, 7, -9, 8, -10, 6
11n_14	 1, -4, 3, -1, 2, 11, -5, -3, 4, -2, 7, -9, 8, -10, -11, 5, 6, -7, 9, -8, 10, -6
11n_15	 1, -4, 3, -1, 2, 11, -5, -3, 4, -2, -7, 9, -8, 10, -11, 5, -6, 7, -9, 8, -10, 6
11n_16	 1, -4, 3, -1, 2, -11, 5, -3, 4, -2, -7, 8, -9, 10, 11, -5, -6, 7, -10, 9, -8, 6
11n_17	 1, -4, 3, -1, 2, 11, -5, -3, 4, -2, 7, -8, 9, -10, -11, 5, 6, -7, 10, -9, 8, -6
11n_18	 1, -4, 3, -1, 2, 11, -5, -3, 4, -2, -7, 8, -9, 10, -11, 5, -6, 7, -10, 9, -8, 6
11n_19	 1, -4, 3, -1, 2, 7, -6, -3, 4, -2, -5, 10, -8, 11, -9, 6, -7, 5, -10, 8, -11, 9
11n_20	 1, -4, 3, -1, 2, 7, -6, -3, 4, -2, -5, 9, -10, 11, -8, 6, -7, 5, -11, 10, -9, 8
11n_21	 1, -11, 2, -1, 4, -5, 11, -2, -3, 10, -6, -4, 5, 3, -8, 9, -10, 6, -7, 8, -9, 7
11n_22	 1, -11, 2, -1, -4, 5, 11, -2, 3, -10, 6, 4, -5, -3, 8, -9, 10, -6, 7, -8, 9, -7
11n_23	 1, 7, -9, 8, -7, 6, -10, 9, -8, 3, -5, 4, -6, 10, -3, -2, 11, 5, -4, -1, 2, -11
11n_24	 1, -11, 2, -1, 4, -5, 11, -2, 3, 8, -7, -4, 5, -3, -6, 10, -9, 7, -8, 6, -10, 9
11n_25	 1, -11, 2, -1, 4, -5, 11, -2, -3, 8, -7, -4, 5, 3, -6, 10, -9, 7, -8, 6, -10, 9
11n_26	 1, -11, 2, -1, -4, 5, 11, -2, 3, -8, 7, 4, -5, -3, 6, -10, 9, -7, 8, -6, 10, -9
11n_27	 1, -11, 2, -1, -4, 5, 11, -2, -3, 8, -7, 4, -5, 3, -6, 10, -9, 7, -8, 6, -10, 9
11n_28	 1, -11, 2, -1, 4, -5, 11, -2, -3, 8, -7, -4, 5, 3, -9, 10, -6, 7, -8, 6, -10, 9
11n_29	 1, -11, 2, -1, -4, 5, 11, -2, 3, -8, 7, 4, -5, -3, 9, -10, 6, -7, 8, -6, 10, -9
11n_30	 1, -11, 2, -1, -4, 5, 11, -2, -3, 8, -7, 4, -5, 3, -9, 10, -6, 7, -8, 6, -10, 9
11n_31	 1, 6, -7, 5, -8, 7, -6, 4, -9, 8, -5, -3, 10, 9, -4, -2, 11, -10, 3, -1, 2, -11
11n_32	 1, -11, 2, -1, -3, 10, 11, -2, 4, -9, -10, 3, 5, -8, 9, -4, 6, -7, 8, -5, 7, -6
11n_33	 1, -11, 2, -1, -3, 10, 11, -2, -4, 9, -10, 3, -5, 8, -9, 4, -6, 7, -8, 5, -7, 6
11n_34	 1, -11, 2, -1, 4, -5, 11, -2, -8, 10, -6, -4, 5, 7, -9, 8, -3, 6, -7, 9, -10, 3
11n_35	 1, -11, 2, -1, -4, 5, 11, -2, 8, -10, 6, 4, -5, -7, 9, -8, 3, -6, 7, -9, 10, -3
11n_36	 1, -11, 2, -1, -4, 5, 11, -2, -8, 10, -6, 4, -5, 7, -9, 8, -3, 6, -7, 9, -10, 3
11n_37 	 1, -11, 2, -1, -3, 10, 11, -2, -4, 9, -10, 3, -5, 7, -6, 8, -9, 4, -8, 5, -7, 6
11n_38  	1, -11, 2, -1, -3, 10, 11, -2, -4, 9, -10, 3, -5, 8, -6, 7, -9, 4, -7, 6, -8, 5
11n_39	 1, -11, 2, -1, 4, -5, 11, -2, -7, 8, -3, -4, 5, 10, -9, 3, -6, 7, -10, 9, -8, 6
11n_40	 1, -11, 2, -1, -4, 5, 11, -2, 7, -8, 3, 4, -5, -10, 9, -3, 6, -7, 10, -9, 8, -6
11n_41   1, 6, -8, 9, -10, 7, -6, 3, -9, 10, -5, 4, -3, 8, -7, -2, 11, 5, -4, -1, 2, -11
11n_42	 1, -11, 2, -1, 4, -5, 11, -2, -3, 10, -7, -4, 5, 6, -10, 9, -8, 3, -6, 7, -9, 8
11n_43	 1, -11, 2, -1, -4, 5, 11, -2, 3, -10, 7, 4, -5, -6, 10, -9, 8, -3, 6, -7, 9, -8
11n_44	 1, -11, 2, -1, -4, 5, 11, -2, -3, 10, -7, 4, -5, 6, -10, 9, -8, 3, -6, 7, -9, 8
11n_45	 1, -11, 2, -1, 4, -5, 11, -2, -3, 8, -6, -4, 5, 7, -8, 10, -9, 6, -7, 3, -10, 9
11n_46	 1, -9, 10, -3, 7, -6, 9, -10, 8, -7, -5, 4, 6, -8, 3, -2, 11, 5, -4, -1, 2, -11
11n_47	 1, -11, 2, -1, -4, 5, 11, -2, -3, 8, -6, 4, -5, 7, -8, 10, -9, 6, -7, 3, -10, 9
11n_48	 1, -4, 3, -1, -8, 10, -5, -3, 4, 7, -9, 8, -2, 11, -6, 5, -7, 9, -10, 2, -11, 6
11n_49	 1, -4, 3, -1, -9, 11, -5, -3, 4, 8, -10, 9, -6, 7, -2, 5, -8, 10, -11, 2, -7, 6
11n_50	 1, -4, 3, -1, -2, 11, -7, -3, 4, 6, -5, 2, -9, 10, -11, 5, -6, 7, -8, 9, -10, 8
11n_51	 1, -11, 2, -1, 3, -10, 11, -2, -5, 8, -7, 9, 10, -3, -4, 5, -6, 7, -8, 6, -9, 4
11n_52	 1, -11, 2, -1, -3, 10, 11, -2, 5, -8, 7, -9, -10, 3, 4, -5, 6, -7, 8, -6, 9, -4
11n_53	 1, -11, 2, -1, -3, 10, 11, -2, -5, 8, -7, 9, -10, 3, -4, 5, -6, 7, -8, 6, -9, 4
11n_54	 1, 4, -6, 8, -9, 7, -8, 5, -4, -3, 10, 9, -7, 6, -5, -2, 11, -10, 3, -1, 2, -11
11n_55	 1, -11, 2, -1, -3, 10, 11, -2, 5, -6, 7, -9, -10, 3, 4, -5, 8, -7, 9, -8, 6, -4
11n_56	 1, -11, 2, -1, -3, 10, 11, -2, -5, 6, -7, 9, -10, 3, -4, 5, -8, 7, -9, 8, -6, 4
11n_57	 1, -11, 2, -1, -4, 5, 11, -2, -3, 7, -6, 10, -9, 4, -5, 3, -7, 6, -8, 9, -10, 8
11n_58	 1, -11, 2, -1, 4, -5, 11, -2, -3, 8, -7, 10, -9, -4, 5, 3, -6, 7, -10, 9, -8, 6
11n_59	 1, -11, 2, -1, -4, 5, 11, -2, 3, -8, 7, -10, 9, 4, -5, -3, 6, -7, 10, -9, 8, -6
11n_60	 1, -11, 2, -1, -4, 5, 11, -2, -3, 8, -7, 10, -9, 4, -5, 3, -6, 7, -10, 9, -8, 6
11n_61	 1, -11, 2, -1, -4, 5, 11, -2, -3, 7, -8, 10, -6, 4, -5, 3, -9, 8, -10, 9, -7, 6
11n_62	 1, -11, 2, -1, 4, -5, 11, -2, -3, 10, -8, 9, -7, -4, 5, 3, -6, 7, -9, 8, -10, 6
11n_63	 1, -11, 2, -1, -4, 5, 11, -2, 3, -10, 8, -9, 7, 4, -5, -3, 6, -7, 9, -8, 10, -6
11n_64	 1, -11, 2, -1, -4, 5, 11, -2, -3, 10, -8, 9, -7, 4, -5, 3, -6, 7, -9, 8, -10, 6
11n_65	 1, 8, -10, 9, -8, -6, 7, -3, 5, -4, -9, 10, 3, -7, 6, -2, 11, -5, 4, -1, 2, -11
11n_66	 1, -11, 2, -1, 4, -5, 11, -2, -6, 7, -3, -10, 9, -4, 5, 3, -7, 6, 8, -9, 10, -8
11n_67	 1, -11, 2, -1, 4, -5, 11, -2, -6, 7, -3, 10, -9, -4, 5, 3, -7, 6, -8, 9, -10, 8
11n_68	 1, -11, 2, -1, -4, 5, 11, -2, 6, -7, 3, -10, 9, 4, -5, -3, 7, -6, 8, -9, 10, -8
11n_69	 1, -11, 2, -1, -4, 5, 11, -2, -6, 7, -3, 10, -9, 4, -5, 3, -7, 6, -8, 9, -10, 8
11n_70	 1, -11, 2, -1, -3, 10, 11, -2, -4, 7, -5, 9, -10, 3, -6, 8, -9, 4, -7, 5, -8, 6
11n_71	 1, -11, 2, -1, 3, -10, 11, -2, -8, 9, 5, -6, 10, -3, 4, -5, 6, -4, -7, 8, -9, 7
11n_72	 1, -11, 2, -1, -3, 10, 11, -2, 8, -9, 5, -6, -10, 3, 4, -5, 6, -4, 7, -8, 9, -7
11n_73	 1, -11, 2, -1, -3, 10, 11, -2, 8, -9, -5, 6, -10, 3, -4, 5, -6, 4, 7, -8, 9, -7
11n_74	 1, -11, 2, -1, -3, 10, 11, -2, -8, 9, 5, -6, -10, 3, 4, -5, 6, -4, -7, 8, -9, 7
11n_75	 1, -11, 2, -1, -3, 10, 11, -2, -8, 9, -5, 6, -10, 3, -4, 5, -6, 4, -7, 8, -9, 7
11n_76	 1, -11, 2, -1, 4, -5, 11, -2, -7, 8, 3, -10, 9, -4, 5, -3, 10, -9, -6, 7, -8, 6
11n_77	 1, -11, 2, -1, -4, 5, 11, -2, 7, -8, -3, 10, -9, 4, -5, 3, -10, 9, 6, -7, 8, -6
11n_78	 1, 6, -8, 7, -6, 9, -10, 3, -5, 4, -9, 10, -3, 8, -7, -2, 11, 5, -4, -1, 2, -11
11n_79	 1, -11, 2, -1, -3, 10, 11, -2, -4, 9, -7, 8, -10, 3, -5, 6, -8, 7, -9, 4, -6, 5
11n_80	 1, -4, 3, -1, 5, -11, 2, -3, 4, -2, -7, 8, 11, -5, -6, 10, -9, 7, -8, 6, -10, 9
11n_81	 1, -11, 2, -1, -3, 10, 11, -2, -4, 6, -5, 9, -8, 7, -10, 3, -9, 8, -7, 4, -6, 5
11n_82	 1, -4, 3, -1, -6, 7, -2, -3, 4, 11, -10, 2, -5, 9, -8, 6, -11, 10, -7, 5, -9, 8
11n_83	 1, -4, 3, -1, -6, 7, -2, -3, 4, 11, -10, 2, -8, 9, -5, 6, -11, 10, -7, 5, -9, 8
11n_84	 1, -4, 3, -1, -2, 7, -6, -3, 4, 8, -5, 6, -10, 11, -7, 5, -8, 2, -9, 10, -11, 9
11n_85	 1, -4, 3, -1, 2, 7, -5, -8, 9, -3, 4, -2, -10, 5, 11, -9, 6, 10, -7, -11, 8, -6
11n_86	 1, -4, 3, -1, 2, 7, -5, 8, -9, -3, 4, -2, -10, 5, -11, 9, -6, 10, -7, 11, -8, 6
11n_87	 1, -4, 3, -1, 2, -7, 6, -9, 8, -3, 4, -2, 5, -6, 9, 11, -10, -8, 7, -5, -11, 10
11n_88	 1, 6, -8, 7, -6, -9, 11, -5, 10, 8, -7, -2, 4, -3, 9, -11, 5, -10, 2, -1, 3, -4
11n_89	 1, -4, 3, -1, 2, 10, -5, 11, -9, -3, 4, -2, 7, -8, -10, 5, -11, 9, 6, -7, 8, -6
11n_90	 1, 6, -8, 7, -6, -5, 9, -10, 11, 8, -7, -2, 4, -3, 5, -11, 10, -9, 2, -1, 3, -4
11n_91	 1, -4, 3, -1, 2, 9, -10, 11, -5, -3, 4, -2, 7, -8, -11, 10, -9, 5, 6, -7, 8, -6
11n_92	 1, -4, 3, -1, 2, 11, -5, 10, -9, -3, 4, -2, -7, 8, -10, 9, -6, 7, -11, 5, -8, 6
11n_93	 1, -9, 10, 3, -5, -6, 8, -10, 9, -7, 6, 4, -3, -2, 11, 5, -4, -8, 7, -1, 2, -11
11n_94	 1, -11, 2, -1, 7, -8, 4, -5, 11, -2, 3, -4, 6, -7, -9, 10, 8, -6, 5, -3, -10, 9
11n_95	 1, 9, -10, 3, -5, -6, 8, 10, -9, -7, 6, 4, -3, -2, 11, 5, -4, -8, 7, -1, 2, -11
11n_96	 1, -11, 2, -1, -7, 8, -4, 5, 11, -2, -3, 4, -6, 7, -9, 10, -8, 6, -5, 3, -10, 9
11n_97	 1, -4, 3, -1, 5, -6, 2, 9, -8, -3, 4, -2, 6, -5, -7, 11, -10, 8, -9, 7, -11, 10
11n_98	 1, -4, 3, -1, -5, 6, -2, -9, 8, -3, 4, 2, -6, 5, 7, -11, 10, -8, 9, -7, 11, -10
11n_99	 1, -4, 3, -1, -5, 6, -2, 9, -8, -3, 4, 2, -6, 5, -7, 11, -10, 8, -9, 7, -11, 10
11n_100	 1, -4, 3, -1, 5, -6, 2, 9, -8, -3, 4, -2, 6, -5, -10, 11, -7, 8, -9, 7, -11, 10
11n_101	 1, -4, 3, -1, -5, 6, -2, -9, 8, -3, 4, 2, -6, 5, 10, -11, 7, -8, 9, -7, 11, -10
11n_102	 1, -4, 3, -1, -5, 6, -2, 9, -8, -3, 4, 2, -6, 5, -10, 11, -7, 8, -9, 7, -11, 10
11n_103	 1, -4, 3, -1, 6, -7, 2, 11, -8, -3, 4, -2, 5, -6, 7, -5, -9, 10, -11, 8, -10, 9
11n_104	 1, -11, 2, -1, -4, 7, -6, 8, 11, -2, -3, 10, -9, 4, -5, 6, -7, 5, -8, 3, -10, 9
11n_105	 1, -11, 2, -1, 4, -5, 6, -8, 11, -2, -3, 10, -9, -4, 7, -6, 8, -7, 5, 3, -10, 9
11n_106	 1, -11, 2, -1, -4, 5, -6, 8, 11, -2, 3, -10, 9, 4, -7, 6, -8, 7, -5, -3, 10, -9
11n_107	 1, -11, 2, -1, -4, 5, -6, 8, 11, -2, -3, 10, -9, 4, -7, 6, -8, 7, -5, 3, -10, 9
11n_108	 1, -2, 11, -10, 6, -5, 2, 8, -9, 7, 10, -6, 4, -3, 5, -11, -8, 9, -7, -1, 3, -4
11n_109	 1, -4, 3, -1, -9, 11, 5, -7, 6, -3, 4, -8, 10, 9, -2, -5, 7, -6, 8, -10, -11, 2
11n_110	 1, -2, 11, -10, 8, 6, -7, 5, 2, -9, 10, -8, 4, -3, -6, 7, -5, -11, 9, -1, 3, -4
11n_111	 1, -4, 3, -1, -9, 11, -5, 7, -6, -3, 4, 8, -10, 9, -2, 5, -7, 6, -8, 10, -11, 2
11n_112	 1, -11, 2, -1, 3, -8, 4, -10, 11, -2, 7, -9, 10, -3, -5, 6, 8, -4, 9, -7, -6, 5
11n_113	 1, -4, 3, -1, -9, 11, 6, -7, 5, -3, 4, -8, 10, 9, -2, -5, 7, -6, 8, -10, -11, 2
11n_114	 1, -4, 3, -1, 9, -11, 6, -7, 5, -3, 4, 8, -10, -9, 2, -5, 7, -6, -8, 10, 11, -2
11n_115	 1, -2, 11, -10, 8, 6, -7, 5, 2, -9, 10, -8, 4, -3, -5, 7, -6, -11, 9, -1, 3, -4
11n_116	 1, -4, 3, -1, -9, 11, -6, 7, -5, -3, 4, -8, 10, 9, -2, 5, -7, 6, 8, -10, -11, 2
11n_117	 1, -4, 3, -1, -9, 11, -6, 7, -5, -3, 4, 8, -10, 9, -2, 5, -7, 6, -8, 10, -11, 2
11n_118	  1, -11, 2, -1, -4, -9, 6, 5, 11, -2, -3, 7, -8, 4, -5, 3, -10, 8, 9, -6, -7, 10
11n_119	 1, -11, 2, -1, 4, 9, -6, -5, 11, -2, 3, -7, 8, -4, 5, -3, 10, -8, -9, 6, 7, -10
11n_120	 1, -11, 2, -1, -4, 9, -6, 5, 11, -2, -3, 7, -8, 4, -5, 3, -10, 8, -9, 6, -7, 10
11n_121	 1, -10, -11, 7, 9, -8, 10, 5, -6, 11, -7, 2, 4, -3, 8, -9, -2, 6, -5, -1, 3, -4
11n_122	 1, -4, 3, -1, -5, 6, -2, 9, -8, -3, 4, 2, -7, 11, -6, 5, -10, 8, -9, 7, -11, 10
11n_123	 1, -4, 3, -1, -5, 9, -7, 8, 2, -3, 4, -2, -10, 7, -11, 5, -6, 10, -8, 11, -9, 6
11n_124	 1, -4, 3, -1, 5, -11, -2, 8, -6, -3, 4, 10, -8, 2, 7, -5, 9, 6, -10, -7, 11, -9
11n_125	 1, -4, 3, -1, -6, 8, -7, -9, 2, -3, 4, -11, 10, -2, 5, 6, -8, 7, 11, -10, 9, -5
11n_126	 1, -11, 2, -1, -8, 7, -4, 5, 11, -2, -3, 4, -6, 9, -5, 3, -10, 8, -9, 6, -7, 10
11n_127	 1, -4, 3, -1, 6, -7, -2, 11, -10, -3, 4, 2, -5, 9, -11, 10, 8, -6, 7, 5, -9, -8
11n_128	 1, -4, 3, -1, -6, 8, -7, 9, -2, -3, 4, 11, -8, 7, -10, 2, -5, 6, -11, 10, -9, 5
11n_129	 1, -4, 3, -1, -6, 7, -2, 10, -8, -3, 4, 11, -9, 2, -10, 8, -5, 6, -11, 9, -7, 5
11n_130	 1, -4, 3, -1, -8, 9, -7, 11, -5, -3, 4, 6, -10, 7, -2, 5, -6, 8, -9, 10, -11, 2
11n_131	 1, -4, 3, -1, 8, -9, -5, 6, -2, -3, 4, -11, 10, 2, -6, 5, 7, -8, 11, -10, 9, -7
11n_132	 1, -4, 3, -1, -8, 9, -5, 6, -2, -3, 4, 11, -10, 2, -6, 5, -7, 8, -11, 10, -9, 7
11n_133	 1, -11, 2, -1, -4, 8, -7, 5, 11, -2, -3, 9, -8, 6, -5, 3, -10, 4, -6, 7, -9, 10
11n_134	 1, 5, -7, 10, -11, 6, -8, 7, -9, 2, -10, 11, 4, -3, -2, 9, -5, 8, -6, -1, 3, -4
11n_135	 1, -5, 11, 10, -7, 6, -9, 8, -10, -2, 4, -3, -6, 9, 5, -11, -8, 7, 2, -1, 3, -4
11n_136	 1, 10, -6, -5, 8, -4, 5, 7, -10, -3, 9, -2, 11, -8, 4, -9, 3, 6, -7, -1, 2, -11
11n_137	 1, -7, 9, -10, 11, -8, 7, 5, -6, 2, 4, -3, 10, -11, 8, -9, -2, 6, -5, -1, 3, -4
11n_138	 1, -4, 3, -1, -5, 6, -2, 9, -8, 11, -10, -3, 4, 2, -6, 5, -7, 8, -11, 10, -9, 7
11n_139	 1, -4, 3, -1, 5, -6, 2, 11, -9, 10, -8, -3, 4, -2, 6, -5, -7, 8, -10, 9, -11, 7
11n_140	 1, -7, 11, -9, 10, -8, 7, 5, -6, 2, 4, -3, 8, -10, 9, -11, -2, 6, -5, -1, 3, -4
11n_141	 1, -4, 3, -1, -5, 6, -2, 11, -9, 10, -8, -3, 4, 2, -6, 5, -7, 8, -10, 9, -11, 7
11n_142	 1, -4, 3, -1, -5, 11, -2, 9, -8, 7, -6, -3, 4, 8, -9, 5, -10, 6, -7, 2, -11, 10
11n_143	 1, -11, 2, -1, -3, 8, 5, -6, -4, 10, 11, -2, -7, 9, -10, 3, -8, 4, -9, 7, 6, -5
11n_144	 1, -7, -5, 6, 8, -3, 9, -10, -6, 4, 7, -2, 11, -9, 10, 5, -4, -8, 3, -1, 2, -11
11n_145	 1, -11, 2, -1, -4, 8, -6, 7, -3, 4, 5, -9, 11, -2, -7, 10, -8, -5, 9, 6, -10, 3
11n_146	 1, -11, 2, -1, 4, -8, 6, -7, 3, -4, -5, 9, 11, -2, 7, -10, 8, 5, -9, -6, 10, -3
11n_147	 1, 3, -10, 6, -9, 5, -8, 10, -7, -2, 11, 9, -5, 4, -3, 7, -6, 8, -4, -1, 2, -11
11n_148	 1, 6, -9, 3, -5, 4, -10, 9, -7, -2, 11, 5, -8, 10, -6, 7, -3, 8, -4, -1, 2, -11
11n_149	 1, -4, 3, -7, 6, -1, 2, -3, 5, -6, -8, 10, -9, 11, 7, -5, 4, -2, -11, 8, -10, 9
11n_150	 1, -4, 3, -7, 6, -1, 2, -3, 5, -6, -8, 11, -9, 10, 7, -5, 4, -2, -10, 9, -11, 8
11n_151	 1, -3, 2, -6, 5, -1, 3, -2, -9, 11, -7, -5, 6, 8, -10, 9, -4, 7, -8, 10, -11, 4
11n_152	 1, -3, 2, -6, 5, -1, 3, -2, -4, 11, -8, -5, 6, 7, -11, 10, -9, 4, -7, 8, -10, 9
11n_153	 1, -4, 3, -7, 6, -1, 2, -3, 5, -9, 8, -6, -10, 11, 7, -5, 9, -8, 4, -2, -11, 10
11n_154	 1, -10, 11, -2, 4, 8, -9, 5, 7, -11, 10, -6, -8, 9, -5, -3, 2, -1, 6, -7, 3, -4
11n_155	 1, -4, 3, -7, 6, -1, 2, -3, 8, -9, 5, -6, -10, 11, 7, -5, 9, -8, 4, -2, -11, 10
11n_156	 1, -9, 11, -7, 10, 4, -6, -8, 7, -3, 9, -5, -4, 2, 8, -11, 3, -1, 5, 6, -2, -10
11n_157	 1, 10, -2, 6, -5, -1, 3, -11, -8, 2, -4, 5, 9, -3, 7, 8, -6, 4, -10, -7, 11, -9
11n_158	 1, 9, -11, -8, 10, -2, 4, -5, 7, 11, -9, -6, 5, -3, 8, -10, 2, -1, 6, -7, 3, -4
11n_159	 1, -4, 3, -7, 6, -1, -2, 10, -8, -3, 5, -6, 9, -11, 7, -5, 4, 2, -10, 8, 11, -9
11n_160	 1, -10, 11, -2, 5, 3, -9, -8, 6, -11, 10, -4, -3, 7, 8, -6, 2, -1, 4, 9, -7, -5
11n_161	 1, 10, -11, -5, 9, -2, 4, -6, 8, 11, -10, -7, 6, -3, 2, -9, 5, -1, 7, -8, 3, -4
11n_162	 1, -2, 8, -9, 5, 3, -11, -6, 9, -8, 10, -4, -3, 7, 6, -10, 2, -1, 4, 11, -7, -5
11n_163	 1, -2, 8, -9, -5, 3, -11, 6, 9, -8, 10, 4, -3, 7, -6, -10, 2, -1, -4, 11, -7, 5
11n_164	 1, -7, -3, 10, 9, -1, 2, 8, -4, 3, -10, 6, -5, -9, 7, -2, 11, 5, -6, 4, -8, -11
11n_165	 1, -7, -3, 10, 9, -1, 2, -8, 4, 3, -10, -6, 5, -9, 7, -2, 11, -5, 6, -4, 8, -11
11n_166	 1, -5, 2, 8, -7, -1, 3, -4, 5, -2, 6, -11, 10, 7, -8, -9, 11, -3, 4, -6, 9, -10
11n_167	 1, -10, 2, -11, 9, -1, 3, -8, 10, -2, -5, 6, 11, -9, 4, -7, -6, 5, 8, -3, 7, -4
11n_168	 1, -11, 7, -8, 2, -1, 3, -6, 8, -7, -10, 9, 11, -2, 4, -5, 6, 10, -9, -3, 5, -4
11n_169	 1, 5, -4, 6, -3, -1, 2, 7, -8, 4, -5, -2, 9, -11, 10, 3, -6, 8, -7, -9, 11, -10
11n_170	 1, -5, 4, -6, 3, -1, 2, -7, 8, -4, 5, -2, -10, 11, -9, -3, 6, -8, 7, 9, -11, 10
11n_171	 1, 5, -4, 6, -3, -1, 2, 7, -8, 4, -5, -2, 10, -11, 9, 3, -6, 8, -7, -9, 11, -10
11n_172	 1, -3, 5, -9, 11, -4, 3, 2, -10, -5, 4, -6, 8, -7, 9, -11, 6, -1, -2, 10, 7, -8
11n_173	 1, -3, 5, -9, 11, -4, 3, -2, 10, -5, 4, -6, -8, 7, 9, -11, 6, -1, 2, -10, -7, 8
11n_174	 1, -11, -5, 9, 2, -1, 4, -8, 6, 5, -9, -7, 10, -4, 11, -2, 3, -10, 8, -6, 7, -3
11n_175	 1, 7, -4, 8, -3, -1, 2, 9, -10, 4, -5, 6, -7, -2, 11, 3, -6, 5, -8, 10, -9, -11
11n_176	 1, -6, 5, 11, -2, -1, 4, -10, 8, -5, 6, -7, 10, -9, -11, 2, 3, -4, 7, -8, 9, -3
11n_177	 1, -3, 9, -8, 7, -4, 3, -2, 11, -9, 10, -7, -6, 5, 8, -10, 4, -1, 2, -11, -5, 6
11n_178	 1, -11, -5, 9, 2, -1, 4, -7, 8, 5, -9, -6, 7, -10, 11, -2, 3, -4, 10, -8, 6, -3
11n_179	 1, -5, 6, 9, -11, 4, -7, -6, 5, -3, 8, 7, -4, 2, -10, -8, 3, -1, -9, 11, -2, 10
11n_180	 1, -11, -7, 8, -10, 9, -6, 3, 11, -2, -5, 4, -8, 10, -9, 7, 2, -1, -3, 6, -4, 5
11n_181	 1, -11, -7, 8, -10, 9, -6, 3, 11, -2, -5, 4, -9, 10, -8, 7, 2, -1, -3, 6, -4, 5
11n_182	 1, -3, -5, 4, 6, -1, 2, -11, 9, -8, -4, 5, 7, -9, 10, -6, 3, -2, 11, -7, 8, -10
11n_183	 1, -11, -3, 9, 2, -1, -7, 8, 11, -2, 4, -10, 6, 3, -9, -5, 10, 7, -8, -6, 5, -4
11n_184	 1, -4, 5, -6, 8, -7, 10, -5, -9, 3, 6, -10, 4, -2, 11, -8, 7, -1, 2, 9, -3, -11
11n_185	 1, -4, 6, -7, 3, -1, 2, 9, -8, 10, 7, -5, 4, -2, 11, -3, 5, -6, -9, 8, -10, -11